tag,mapping,alignment_class,step,op_name,op_category,latency_ms,step_latency_ms,step_count,weighted_latency_ms,aic_mix_step_latency_ms,aic_genonly_step_latency_ms,aic_ttft,aic_tpot,aic_request_latency,decode_batch_size,decode_prefix_len,prefill_batch_size,prefill_fresh_len,prefill_prefix_len,first_formal_prefill_req_count,first_formal_decode_req_count,first_formal_sum_prefill_fresh_tokens,first_formal_sum_decode_kv_tokens,aic_isl,aic_prefix,pct_of_weighted_total,pct_of_step
agg_aic_p0_small_b8_isl512_ctx2048,intended_case,strict_prefix0,mix_step,context_add_norm_1,context_other,0.281440047761194,36.52646770265534,2.0,0.562880095522388,36.52646770265535,7.55847510900146,71.22661202017792,9.489674615245052,213.5717312488537,4,512,4,512,0,3,1,1536,512,512,0,0.003146839054648059,0.007705098945024306
agg_aic_p0_small_b8_isl512_ctx2048,intended_case,strict_prefix0,mix_step,context_add_norm_2,context_other,0.281440047761194,36.52646770265534,2.0,0.562880095522388,36.52646770265535,7.55847510900146,71.22661202017792,9.489674615245052,213.5717312488537,4,512,4,512,0,3,1,1536,512,512,0,0.003146839054648059,0.007705098945024306
agg_aic_p0_small_b8_isl512_ctx2048,intended_case,strict_prefix0,mix_step,context_attention (scaled),attention_scaled,0.0,36.52646770265534,2.0,0.0,36.52646770265535,7.55847510900146,71.22661202017792,9.489674615245052,213.5717312488537,4,512,4,512,0,3,1,1536,512,512,0,0.0,0.0
agg_aic_p0_small_b8_isl512_ctx2048,intended_case,strict_prefix0,mix_step,context_embedding,context_other,0.013976668656716418,36.52646770265534,2.0,0.027953337313432837,36.52646770265535,7.55847510900146,71.22661202017792,9.489674615245052,213.5717312488537,4,512,4,512,0,3,1,1536,512,512,0,0.0001562760066760303,0.0003826449568158042
agg_aic_p0_small_b8_isl512_ctx2048,intended_case,strict_prefix0,mix_step,context_logits_gemm,context_other,0.6363647375022955,36.52646770265534,2.0,1.272729475004591,36.52646770265535,7.55847510900146,71.22661202017792,9.489674615245052,213.5717312488537,4,512,4,512,0,3,1,1536,512,512,0,0.007115325004038749,0.017422016896970142
agg_aic_p0_small_b8_isl512_ctx2048,intended_case,strict_prefix0,mix_step,context_mla_block,context_mla_block,6.7002321339735715,36.52646770265534,2.0,13.400464267947143,36.52646770265535,7.55847510900146,71.22661202017792,9.489674615245052,213.5717312488537,4,512,4,512,0,3,1,1536,512,512,0,0.07491667345184111,0.1834349871582707
agg_aic_p0_small_b8_isl512_ctx2048,intended_case,strict_prefix0,mix_step,context_moe,context_moe,27.28848916769028,36.52646770265534,2.0,54.57697833538056,36.52646770265535,7.55847510900146,71.22661202017792,9.489674615245052,213.5717312488537,4,512,4,512,0,3,1,1536,512,512,0,0.3051182095026232,0.7470880948531059
agg_aic_p0_small_b8_isl512_ctx2048,intended_case,strict_prefix0,mix_step,context_moe_post_dispatch,context_other,0.0,36.52646770265534,2.0,0.0,36.52646770265535,7.55847510900146,71.22661202017792,9.489674615245052,213.5717312488537,4,512,4,512,0,3,1,1536,512,512,0,0.0,0.0
agg_aic_p0_small_b8_isl512_ctx2048,intended_case,strict_prefix0,mix_step,context_moe_pre_dispatch,context_other,0.0,36.52646770265534,2.0,0.0,36.52646770265535,7.55847510900146,71.22661202017792,9.489674615245052,213.5717312488537,4,512,4,512,0,3,1,1536,512,512,0,0.0,0.0
agg_aic_p0_small_b8_isl512_ctx2048,intended_case,strict_prefix0,mix_step,context_p2p,context_other,0.0,36.52646770265534,2.0,0.0,36.52646770265535,7.55847510900146,71.22661202017792,9.489674615245052,213.5717312488537,4,512,4,512,0,3,1,1536,512,512,0,0.0,0.0
agg_aic_p0_small_b8_isl512_ctx2048,intended_case,strict_prefix0,mix_step,context_router_gemm,context_other,0.12976796486798456,36.52646770265534,2.0,0.2595359297359691,36.52646770265535,7.55847510900146,71.22661202017792,9.489674615245052,213.5717312488537,4,512,4,512,0,3,1,1536,512,512,0,0.0014509623031163977,0.0035527104872106457
agg_aic_p0_small_b8_isl512_ctx2048,intended_case,strict_prefix0,mix_step,context_shared_act_gate,context_shared_ffn,0.07445143880597015,36.52646770265534,2.0,0.1489028776119403,36.52646770265535,7.55847510900146,71.22661202017792,9.489674615245052,213.5717312488537,4,512,4,512,0,3,1,1536,512,512,0,0.0008324568488851401,0.0020382873978410402
agg_aic_p0_small_b8_isl512_ctx2048,intended_case,strict_prefix0,mix_step,context_shared_ffn2_gemm,context_shared_ffn,0.3537217995699714,36.52646770265534,2.0,0.7074435991399428,36.52646770265535,7.55847510900146,71.22661202017792,9.489674615245052,213.5717312488537,4,512,4,512,0,3,1,1536,512,512,0,0.003955036187002304,0.009683985937251116
agg_aic_p0_small_b8_isl512_ctx2048,intended_case,strict_prefix0,mix_step,context_shared_gate_up_gemm,context_shared_ffn,0.7665836960661645,36.52646770265534,2.0,1.533167392132329,36.52646770265535,7.55847510900146,71.22661202017792,9.489674615245052,213.5717312488537,4,512,4,512,0,3,1,1536,512,512,0,0.008571329960419665,0.020987074422486155
agg_aic_p0_small_b8_isl512_ctx2048,intended_case,strict_prefix0,mix_step,generation_attention,attention_scaled,0.0,36.52646770265534,2.0,0.0,36.52646770265535,7.55847510900146,71.22661202017792,9.489674615245052,213.5717312488537,4,512,4,512,0,3,1,1536,512,512,0,0.0,0.0
agg_aic_p0_small_b8_isl512_ctx2048,intended_case,strict_prefix0,genonly_step,generation_add_norm_1,generation_other,0.019027056716417908,7.55847510900146,14.0,0.2663787940298507,36.52646770265535,7.55847510900146,71.22661202017792,9.489674615245052,213.5717312488537,4,512,4,512,0,3,1,1536,512,512,0,0.0014892180395990654,0.002517314199230266
agg_aic_p0_small_b8_isl512_ctx2048,intended_case,strict_prefix0,genonly_step,generation_add_norm_2,generation_other,0.019027056716417908,7.55847510900146,14.0,0.2663787940298507,36.52646770265535,7.55847510900146,71.22661202017792,9.489674615245052,213.5717312488537,4,512,4,512,0,3,1,1536,512,512,0,0.0014892180395990654,0.002517314199230266
agg_aic_p0_small_b8_isl512_ctx2048,intended_case,strict_prefix0,genonly_step,generation_embedding,generation_other,0.0030427940298507466,7.55847510900146,14.0,0.04259911641791045,36.52646770265535,7.55847510900146,71.22661202017792,9.489674615245052,213.5717312488537,4,512,4,512,0,3,1,1536,512,512,0,0.0002381547407764894,0.0004025671826618909
agg_aic_p0_small_b8_isl512_ctx2048,intended_case,strict_prefix0,genonly_step,generation_logits_gemm,generation_other,0.6416549181844626,7.55847510900146,14.0,8.983168854582477,36.52646770265535,7.55847510900146,71.22661202017792,9.489674615245052,213.5717312488537,4,512,4,512,0,3,1,1536,512,512,0,0.0502213292155289,0.08489211235482004
agg_aic_p0_small_b8_isl512_ctx2048,intended_case,strict_prefix0,genonly_step,generation_mla_block,generation_mla_block,0.681078587833909,7.55847510900146,14.0,9.535100229674725,36.52646770265535,7.55847510900146,71.22661202017792,9.489674615245052,213.5717312488537,4,512,4,512,0,3,1,1536,512,512,0,0.05330695832276176,0.09010793553091231
agg_aic_p0_small_b8_isl512_ctx2048,intended_case,strict_prefix0,genonly_step,generation_moe_overlap,generation_moe,6.1946446955204015,7.55847510900146,14.0,86.72502573728562,36.52646770265535,7.55847510900146,71.22661202017792,9.489674615245052,213.5717312488537,4,512,4,512,0,3,1,1536,512,512,0,0.4848451742678361,0.8195627565331451
agg_aic_p0_small_b8_isl512_ctx2048,intended_case,strict_prefix0,genonly_step,generation_p2p,generation_other,0.0,7.55847510900146,14.0,0.0,36.52646770265535,7.55847510900146,71.22661202017792,9.489674615245052,213.5717312488537,4,512,4,512,0,3,1,1536,512,512,0,0.0,0.0
agg_aic_p0_small_b8_isl512_ctx2048,observed_first_batch,strict_prefix0,mix_step,context_add_norm_1,context_other,0.21532327164179105,33.00234534010323,2.0,0.4306465432835821,33.00234534010324,4.960978442716675,64.35457341320132,6.830402902542446,166.81061695133803,4,512,4,512,0,3,1,1536,512,512,0,0.003179179575734356,0.006524483924484547
agg_aic_p0_small_b8_isl512_ctx2048,observed_first_batch,strict_prefix0,mix_step,context_add_norm_2,context_other,0.21532327164179105,33.00234534010323,2.0,0.4306465432835821,33.00234534010324,4.960978442716675,64.35457341320132,6.830402902542446,166.81061695133803,4,512,4,512,0,3,1,1536,512,512,0,0.003179179575734356,0.006524483924484547
agg_aic_p0_small_b8_isl512_ctx2048,observed_first_batch,strict_prefix0,mix_step,context_attention (scaled),attention_scaled,0.0,33.00234534010323,2.0,0.0,33.00234534010324,4.960978442716675,64.35457341320132,6.830402902542446,166.81061695133803,4,512,4,512,0,3,1,1536,512,512,0,0.0,0.0
agg_aic_p0_small_b8_isl512_ctx2048,observed_first_batch,strict_prefix0,mix_step,context_embedding,context_other,0.011221802985074627,33.00234534010323,2.0,0.022443605970149254,33.00234534010324,4.960978442716675,64.35457341320132,6.830402902542446,166.81061695133803,4,512,4,512,0,3,1,1536,512,512,0,0.00016568634955730382,0.00034003046963569303
agg_aic_p0_small_b8_isl512_ctx2048,observed_first_batch,strict_prefix0,mix_step,context_logits_gemm,context_other,0.6363647375022955,33.00234534010323,2.0,1.272729475004591,33.00234534010324,4.960978442716675,64.35457341320132,6.830402902542446,166.81061695133803,4,512,4,512,0,3,1,1536,512,512,0,0.00939572281602002,0.019282409505878617
agg_aic_p0_small_b8_isl512_ctx2048,observed_first_batch,strict_prefix0,mix_step,context_mla_block,context_mla_block,4.951944088662494,33.00234534010323,2.0,9.903888177324989,33.00234534010324,4.960978442716675,64.35457341320132,6.830402902542446,166.81061695133803,4,512,4,512,0,3,1,1536,512,512,0,0.07311387843411708,0.15004824771180958
agg_aic_p0_small_b8_isl512_ctx2048,observed_first_batch,strict_prefix0,mix_step,context_moe,context_moe,25.947159293890003,33.00234534010323,2.0,51.894318587780006,33.00234534010324,4.960978442716675,64.35457341320132,6.830402902542446,166.81061695133803,4,512,4,512,0,3,1,1536,512,512,0,0.383101548878058,0.7862216768685216
agg_aic_p0_small_b8_isl512_ctx2048,observed_first_batch,strict_prefix0,mix_step,context_moe_post_dispatch,context_other,0.0,33.00234534010323,2.0,0.0,33.00234534010324,4.960978442716675,64.35457341320132,6.830402902542446,166.81061695133803,4,512,4,512,0,3,1,1536,512,512,0,0.0,0.0
agg_aic_p0_small_b8_isl512_ctx2048,observed_first_batch,strict_prefix0,mix_step,context_moe_pre_dispatch,context_other,0.0,33.00234534010323,2.0,0.0,33.00234534010324,4.960978442716675,64.35457341320132,6.830402902542446,166.81061695133803,4,512,4,512,0,3,1,1536,512,512,0,0.0,0.0
agg_aic_p0_small_b8_isl512_ctx2048,observed_first_batch,strict_prefix0,mix_step,context_p2p,context_other,0.0,33.00234534010323,2.0,0.0,33.00234534010324,4.960978442716675,64.35457341320132,6.830402902542446,166.81061695133803,4,512,4,512,0,3,1,1536,512,512,0,0.0,0.0
agg_aic_p0_small_b8_isl512_ctx2048,observed_first_batch,strict_prefix0,mix_step,context_router_gemm,context_other,0.1111946702003479,33.00234534010323,2.0,0.2223893404006958,33.00234534010324,4.960978442716675,64.35457341320132,6.830402902542446,166.81061695133803,4,512,4,512,0,3,1,1536,512,512,0,0.0016417539160353952,0.0033692960016762277
agg_aic_p0_small_b8_isl512_ctx2048,observed_first_batch,strict_prefix0,mix_step,context_shared_act_gate,context_shared_ffn,0.06028355820895522,33.00234534010323,2.0,0.12056711641791044,33.00234534010324,4.960978442716675,64.35457341320132,6.830402902542446,166.81061695133803,4,512,4,512,0,3,1,1536,512,512,0,0.0008900675507537976,0.0018266446698774728
agg_aic_p0_small_b8_isl512_ctx2048,observed_first_batch,strict_prefix0,mix_step,context_shared_ffn2_gemm,context_shared_ffn,0.2760639985402425,33.00234534010323,2.0,0.552127997080485,33.00234534010324,4.960978442716675,64.35457341320132,6.830402902542446,166.81061695133803,4,512,4,512,0,3,1,1536,512,512,0,0.004075997076687357,0.00836498120649564
agg_aic_p0_small_b8_isl512_ctx2048,observed_first_batch,strict_prefix0,mix_step,context_shared_gate_up_gemm,context_shared_ffn,0.5774666468302408,33.00234534010323,2.0,1.1549332936604817,33.00234534010324,4.960978442716675,64.35457341320132,6.830402902542446,166.81061695133803,4,512,4,512,0,3,1,1536,512,512,0,0.008526111252501474,0.01749774571713619
agg_aic_p0_small_b8_isl512_ctx2048,observed_first_batch,strict_prefix0,mix_step,generation_attention,attention_scaled,0.0,33.00234534010323,2.0,0.0,33.00234534010324,4.960978442716675,64.35457341320132,6.830402902542446,166.81061695133803,4,512,4,512,0,3,1,1536,512,512,0,0.0,0.0
agg_aic_p0_small_b8_isl512_ctx2048,observed_first_batch,strict_prefix0,genonly_step,generation_add_norm_1,generation_other,0.018513528358208957,4.960978442716675,14.0,0.2591893970149254,33.00234534010324,4.960978442716675,64.35457341320132,6.830402902542446,166.81061695133803,4,512,4,512,0,3,1,1536,512,512,0,0.001913424477888218,0.0037318300355425023
agg_aic_p0_small_b8_isl512_ctx2048,observed_first_batch,strict_prefix0,genonly_step,generation_add_norm_2,generation_other,0.018513528358208957,4.960978442716675,14.0,0.2591893970149254,33.00234534010324,4.960978442716675,64.35457341320132,6.830402902542446,166.81061695133803,4,512,4,512,0,3,1,1536,512,512,0,0.001913424477888218,0.0037318300355425023
agg_aic_p0_small_b8_isl512_ctx2048,observed_first_batch,strict_prefix0,genonly_step,generation_embedding,generation_other,0.0030213970149253733,4.960978442716675,14.0,0.04229955820895523,33.00234534010324,4.960978442716675,64.35457341320132,6.830402902542446,166.81061695133803,4,512,4,512,0,3,1,1536,512,512,0,0.00031226975722394886,0.0006090324821631013
agg_aic_p0_small_b8_isl512_ctx2048,observed_first_batch,strict_prefix0,genonly_step,generation_logits_gemm,generation_other,0.6415428867649413,4.960978442716675,14.0,8.981600414709177,33.00234534010324,4.960978442716675,64.35457341320132,6.830402902542446,166.81061695133803,4,512,4,512,0,3,1,1536,512,512,0,0.06630523579298223,0.12931781384916216
agg_aic_p0_small_b8_isl512_ctx2048,observed_first_batch,strict_prefix0,genonly_step,generation_mla_block,generation_mla_block,0.6563460537730991,4.960978442716675,14.0,9.188844752823387,33.00234534010324,4.960978442716675,64.35457341320132,6.830402902542446,166.81061695133803,4,512,4,512,0,3,1,1536,512,512,0,0.06783518413970659,0.13230173469846368
agg_aic_p0_small_b8_isl512_ctx2048,observed_first_batch,strict_prefix0,genonly_step,generation_moe_overlap,generation_moe,3.623041048447291,4.960978442716675,14.0,50.72257467826207,33.00234534010324,4.960978442716675,64.35457341320132,6.830402902542446,166.81061695133803,4,512,4,512,0,3,1,1536,512,512,0,0.3744513359291118,0.730307758899126
agg_aic_p0_small_b8_isl512_ctx2048,observed_first_batch,strict_prefix0,genonly_step,generation_p2p,generation_other,0.0,4.960978442716675,14.0,0.0,33.00234534010324,4.960978442716675,64.35457341320132,6.830402902542446,166.81061695133803,4,512,4,512,0,3,1,1536,512,512,0,0.0,0.0
agg_aic_p0_decode_heavy_b12_isl512_ctx2048,intended_case,strict_prefix0,mix_step,context_add_norm_1,context_other,0.28195357611940297,36.54533333702412,3.0,0.8458607283582089,36.545333337024125,8.976946098580713,73.09066667404825,10.946116615612386,237.28241590823404,8,512,4,512,0,7,1,3584,512,512,0,0.0037371854669437164,0.007715173193775619
agg_aic_p0_decode_heavy_b12_isl512_ctx2048,intended_case,strict_prefix0,mix_step,context_add_norm_2,context_other,0.28195357611940297,36.54533333702412,3.0,0.8458607283582089,36.545333337024125,8.976946098580713,73.09066667404825,10.946116615612386,237.28241590823404,8,512,4,512,0,7,1,3584,512,512,0,0.0037371854669437164,0.007715173193775619
agg_aic_p0_decode_heavy_b12_isl512_ctx2048,intended_case,strict_prefix0,mix_step,context_attention (scaled),attention_scaled,0.0,36.54533333702412,3.0,0.0,36.545333337024125,8.976946098580713,73.09066667404825,10.946116615612386,237.28241590823404,8,512,4,512,0,7,1,3584,512,512,0,0.0,0.0
agg_aic_p0_decode_heavy_b12_isl512_ctx2048,intended_case,strict_prefix0,mix_step,context_embedding,context_other,0.013998065671641791,36.54533333702412,3.0,0.04199419701492538,36.545333337024125,8.976946098580713,73.09066667404825,10.946116615612386,237.28241590823404,8,512,4,512,0,7,1,3584,512,512,0,0.00018553893982614194,0.00038303291811708106
agg_aic_p0_decode_heavy_b12_isl512_ctx2048,intended_case,strict_prefix0,mix_step,context_logits_gemm,context_other,0.6363647375022955,36.54533333702412,3.0,1.9090942125068864,36.545333337024125,8.976946098580713,73.09066667404825,10.946116615612386,237.28241590823404,8,512,4,512,0,7,1,3584,512,512,0,0.00843476816786993,0.017413023206921844
agg_aic_p0_decode_heavy_b12_isl512_ctx2048,intended_case,strict_prefix0,mix_step,context_mla_block,context_mla_block,6.711477950294217,36.54533333702412,3.0,20.13443385088265,36.545333337024125,8.976946098580713,73.09066667404825,10.946116615612386,237.28241590823404,8,512,4,512,0,7,1,3584,512,512,0,0.08895804125900109,0.18364801569602351
agg_aic_p0_decode_heavy_b12_isl512_ctx2048,intended_case,strict_prefix0,mix_step,context_moe,context_moe,27.29593341350555,36.54533333702412,3.0,81.88780024051665,36.545333337024125,8.976946098580713,73.09066667404825,10.946116615612386,237.28241590823404,8,512,4,512,0,7,1,3584,512,512,0,0.3617970272397492,0.7469061278434697
agg_aic_p0_decode_heavy_b12_isl512_ctx2048,intended_case,strict_prefix0,mix_step,context_moe_post_dispatch,context_other,0.0,36.54533333702412,3.0,0.0,36.545333337024125,8.976946098580713,73.09066667404825,10.946116615612386,237.28241590823404,8,512,4,512,0,7,1,3584,512,512,0,0.0,0.0
agg_aic_p0_decode_heavy_b12_isl512_ctx2048,intended_case,strict_prefix0,mix_step,context_moe_pre_dispatch,context_other,0.0,36.54533333702412,3.0,0.0,36.545333337024125,8.976946098580713,73.09066667404825,10.946116615612386,237.28241590823404,8,512,4,512,0,7,1,3584,512,512,0,0.0,0.0
agg_aic_p0_decode_heavy_b12_isl512_ctx2048,intended_case,strict_prefix0,mix_step,context_p2p,context_other,0.0,36.54533333702412,3.0,0.0,36.545333337024125,8.976946098580713,73.09066667404825,10.946116615612386,237.28241590823404,8,512,4,512,0,7,1,3584,512,512,0,0.0,0.0
agg_aic_p0_decode_heavy_b12_isl512_ctx2048,intended_case,strict_prefix0,mix_step,context_router_gemm,context_other,0.12972881201825112,36.54533333702412,3.0,0.38918643605475334,36.545333337024125,8.976946098580713,73.09066667404825,10.946116615612386,237.28241590823404,8,512,4,512,0,7,1,3584,512,512,0,0.0017195051667412346,0.0035498051371397046
agg_aic_p0_decode_heavy_b12_isl512_ctx2048,intended_case,strict_prefix0,mix_step,context_shared_act_gate,context_shared_ffn,0.07456148059701494,36.54533333702412,3.0,0.2236844417910448,36.545333337024125,8.976946098580713,73.09066667404825,10.946116615612386,237.28241590823404,8,512,4,512,0,7,1,3584,512,512,0,0.000988283551909858,0.002040246285603766
agg_aic_p0_decode_heavy_b12_isl512_ctx2048,intended_case,strict_prefix0,mix_step,context_shared_ffn2_gemm,context_shared_ffn,0.3540690722808339,36.54533333702412,3.0,1.0622072168425016,36.545333337024125,8.976946098580713,73.09066667404825,10.946116615612386,237.28241590823404,8,512,4,512,0,7,1,3584,512,512,0,0.004693048442350001,0.00968848933502889
agg_aic_p0_decode_heavy_b12_isl512_ctx2048,intended_case,strict_prefix0,mix_step,context_shared_gate_up_gemm,context_shared_ffn,0.7652926529155059,36.54533333702412,3.0,2.2958779587465177,36.545333337024125,8.976946098580713,73.09066667404825,10.946116615612386,237.28241590823404,8,512,4,512,0,7,1,3584,512,512,0,0.010143657760252871,0.020940913190144225
agg_aic_p0_decode_heavy_b12_isl512_ctx2048,intended_case,strict_prefix0,mix_step,generation_attention,attention_scaled,0.0,36.54533333702412,3.0,0.0,36.545333337024125,8.976946098580713,73.09066667404825,10.946116615612386,237.28241590823404,8,512,4,512,0,7,1,3584,512,512,0,0.0,0.0
agg_aic_p0_decode_heavy_b12_isl512_ctx2048,intended_case,strict_prefix0,genonly_step,generation_add_norm_1,generation_other,0.019540585074626866,8.976946098580713,13.0,0.2540276059701493,36.545333337024125,8.976946098580713,73.09066667404825,10.946116615612386,237.28241590823404,8,512,4,512,0,7,1,3584,512,512,0,0.0011223458489162917,0.0021767519666533704
agg_aic_p0_decode_heavy_b12_isl512_ctx2048,intended_case,strict_prefix0,genonly_step,generation_add_norm_2,generation_other,0.019540585074626866,8.976946098580713,13.0,0.2540276059701493,36.545333337024125,8.976946098580713,73.09066667404825,10.946116615612386,237.28241590823404,8,512,4,512,0,7,1,3584,512,512,0,0.0011223458489162917,0.0021767519666533704
agg_aic_p0_decode_heavy_b12_isl512_ctx2048,intended_case,strict_prefix0,genonly_step,generation_embedding,generation_other,0.0030641910447761194,8.976946098580713,13.0,0.039834483582089554,36.545333337024125,8.976946098580713,73.09066667404825,10.946116615612386,237.28241590823404,8,512,4,512,0,7,1,3584,512,512,0,0.00017599688475328944,0.00034134002935147165
agg_aic_p0_decode_heavy_b12_isl512_ctx2048,intended_case,strict_prefix0,genonly_step,generation_logits_gemm,generation_other,0.6191287242995203,8.976946098580713,13.0,8.048673415893763,36.545333337024125,8.976946098580713,73.09066667404825,10.946116615612386,237.28241590823404,8,512,4,512,0,7,1,3584,512,512,0,0.03556068311202676,0.06896874699931714
agg_aic_p0_decode_heavy_b12_isl512_ctx2048,intended_case,strict_prefix0,genonly_step,generation_mla_block,generation_mla_block,0.7222060415378105,8.976946098580713,13.0,9.388678539991536,36.545333337024125,8.976946098580713,73.09066667404825,10.946116615612386,237.28241590823404,8,512,4,512,0,7,1,3584,512,512,0,0.041481099449511054,0.08045119505084183
agg_aic_p0_decode_heavy_b12_isl512_ctx2048,intended_case,strict_prefix0,genonly_step,generation_moe_overlap,generation_moe,7.593465971549352,8.976946098580713,13.0,98.71505763014157,36.545333337024125,8.976946098580713,73.09066667404825,10.946116615612386,237.28241590823404,8,512,4,512,0,7,1,3584,512,512,0,0.43614328739428854,0.8458852139871827
agg_aic_p0_decode_heavy_b12_isl512_ctx2048,intended_case,strict_prefix0,genonly_step,generation_p2p,generation_other,0.0,8.976946098580713,13.0,0.0,36.545333337024125,8.976946098580713,73.09066667404825,10.946116615612386,237.28241590823404,8,512,4,512,0,7,1,3584,512,512,0,0.0,0.0
agg_aic_p0_decode_heavy_b12_isl512_ctx2048,observed_first_batch,strict_prefix0,mix_step,context_add_norm_1,context_other,0.47824979104477616,47.79316117499018,2.0,0.9564995820895523,47.79316117499018,7.55847510900146,93.19666429123085,10.240787513400708,246.80847699224148,8,512,4,512,0,7,1,3584,512,512,0,0.004749135851423617,0.010006657423092593
agg_aic_p0_decode_heavy_b12_isl512_ctx2048,observed_first_batch,strict_prefix0,mix_step,context_add_norm_2,context_other,0.47824979104477616,47.79316117499018,2.0,0.9564995820895523,47.79316117499018,7.55847510900146,93.19666429123085,10.240787513400708,246.80847699224148,8,512,4,512,0,7,1,3584,512,512,0,0.004749135851423617,0.010006657423092593
agg_aic_p0_decode_heavy_b12_isl512_ctx2048,observed_first_batch,strict_prefix0,mix_step,context_attention (scaled),attention_scaled,0.0,47.79316117499018,2.0,0.0,47.79316117499018,7.55847510900146,93.19666429123085,10.240787513400708,246.80847699224148,8,512,4,512,0,7,1,3584,512,512,0,0.0,0.0
agg_aic_p0_decode_heavy_b12_isl512_ctx2048,observed_first_batch,strict_prefix0,mix_step,context_embedding,context_other,0.02217707462686567,47.79316117499018,2.0,0.04435414925373134,47.79316117499018,7.55847510900146,93.19666429123085,10.240787513400708,246.80847699224148,8,512,4,512,0,7,1,3584,512,512,0,0.00022022370351706857,0.00046402192451063006
agg_aic_p0_decode_heavy_b12_isl512_ctx2048,observed_first_batch,strict_prefix0,mix_step,context_logits_gemm,context_other,0.6363647375022955,47.79316117499018,2.0,1.272729475004591,47.79316117499018,7.55847510900146,93.19666429123085,10.240787513400708,246.80847699224148,8,512,4,512,0,7,1,3584,512,512,0,0.006319255431041011,0.013314974817679575
agg_aic_p0_decode_heavy_b12_isl512_ctx2048,observed_first_batch,strict_prefix0,mix_step,context_mla_block,context_mla_block,12.928796785340364,47.79316117499018,2.0,25.857593570680727,47.79316117499018,7.55847510900146,93.19666429123085,10.240787513400708,246.80847699224148,8,512,4,512,0,7,1,3584,512,512,0,0.1283860724641314,0.2705156233127745
agg_aic_p0_decode_heavy_b12_isl512_ctx2048,observed_first_batch,strict_prefix0,mix_step,context_moe,context_moe,31.2588526815176,47.79316117499018,2.0,62.5177053630352,47.79316117499018,7.55847510900146,93.19666429123085,10.240787513400708,246.80847699224148,8,512,4,512,0,7,1,3584,512,512,0,0.3104079515013643,0.6540444681419217
agg_aic_p0_decode_heavy_b12_isl512_ctx2048,observed_first_batch,strict_prefix0,mix_step,context_moe_post_dispatch,context_other,0.0,47.79316117499018,2.0,0.0,47.79316117499018,7.55847510900146,93.19666429123085,10.240787513400708,246.80847699224148,8,512,4,512,0,7,1,3584,512,512,0,0.0,0.0
agg_aic_p0_decode_heavy_b12_isl512_ctx2048,observed_first_batch,strict_prefix0,mix_step,context_moe_pre_dispatch,context_other,0.0,47.79316117499018,2.0,0.0,47.79316117499018,7.55847510900146,93.19666429123085,10.240787513400708,246.80847699224148,8,512,4,512,0,7,1,3584,512,512,0,0.0,0.0
agg_aic_p0_decode_heavy_b12_isl512_ctx2048,observed_first_batch,strict_prefix0,mix_step,context_p2p,context_other,0.0,47.79316117499018,2.0,0.0,47.79316117499018,7.55847510900146,93.19666429123085,10.240787513400708,246.80847699224148,8,512,4,512,0,7,1,3584,512,512,0,0.0,0.0
agg_aic_p0_decode_heavy_b12_isl512_ctx2048,observed_first_batch,strict_prefix0,mix_step,context_router_gemm,context_other,0.1572213371594747,47.79316117499018,2.0,0.3144426743189494,47.79316117499018,7.55847510900146,93.19666429123085,10.240787513400708,246.80847699224148,8,512,4,512,0,7,1,3584,512,512,0,0.0015612458236137835,0.0032896199643255132
agg_aic_p0_decode_heavy_b12_isl512_ctx2048,observed_first_batch,strict_prefix0,mix_step,context_shared_act_gate,context_shared_ffn,0.11662495522388061,47.79316117499018,2.0,0.23324991044776122,47.79316117499018,7.55847510900146,93.19666429123085,10.240787513400708,246.80847699224148,8,512,4,512,0,7,1,3584,512,512,0,0.0011581139529918782,0.0024402017434433615
agg_aic_p0_decode_heavy_b12_isl512_ctx2048,observed_first_batch,strict_prefix0,mix_step,context_shared_ffn2_gemm,context_shared_ffn,0.5886240005493164,47.79316117499018,2.0,1.1772480010986328,47.79316117499018,7.55847510900146,93.19666429123085,10.240787513400708,246.80847699224148,8,512,4,512,0,7,1,3584,512,512,0,0.005845178390795008,0.012316071715660841
agg_aic_p0_decode_heavy_b12_isl512_ctx2048,observed_first_batch,strict_prefix0,mix_step,context_shared_gate_up_gemm,context_shared_ffn,1.128000020980835,47.79316117499018,2.0,2.25600004196167,47.79316117499018,7.55847510900146,93.19666429123085,10.240787513400708,246.80847699224148,8,512,4,512,0,7,1,3584,512,512,0,0.011201312452941823,0.023601703533498622
agg_aic_p0_decode_heavy_b12_isl512_ctx2048,observed_first_batch,strict_prefix0,mix_step,generation_attention,attention_scaled,0.0,47.79316117499018,2.0,0.0,47.79316117499018,7.55847510900146,93.19666429123085,10.240787513400708,246.80847699224148,8,512,4,512,0,7,1,3584,512,512,0,0.0,0.0
agg_aic_p0_decode_heavy_b12_isl512_ctx2048,observed_first_batch,strict_prefix0,genonly_step,generation_add_norm_1,generation_other,0.019027056716417908,7.55847510900146,14.0,0.2663787940298507,47.79316117499018,7.55847510900146,93.19666429123085,10.240787513400708,246.80847699224148,8,512,4,512,0,7,1,3584,512,512,0,0.0013226028578313682,0.002517314199230266
agg_aic_p0_decode_heavy_b12_isl512_ctx2048,observed_first_batch,strict_prefix0,genonly_step,generation_add_norm_2,generation_other,0.019027056716417908,7.55847510900146,14.0,0.2663787940298507,47.79316117499018,7.55847510900146,93.19666429123085,10.240787513400708,246.80847699224148,8,512,4,512,0,7,1,3584,512,512,0,0.0013226028578313682,0.002517314199230266
agg_aic_p0_decode_heavy_b12_isl512_ctx2048,observed_first_batch,strict_prefix0,genonly_step,generation_embedding,generation_other,0.0030427940298507466,7.55847510900146,14.0,0.04259911641791045,47.79316117499018,7.55847510900146,93.19666429123085,10.240787513400708,246.80847699224148,8,512,4,512,0,7,1,3584,512,512,0,0.0002115097536972324,0.0004025671826618909
agg_aic_p0_decode_heavy_b12_isl512_ctx2048,observed_first_batch,strict_prefix0,genonly_step,generation_logits_gemm,generation_other,0.6416549181844626,7.55847510900146,14.0,8.983168854582477,47.79316117499018,7.55847510900146,93.19666429123085,10.240787513400708,246.80847699224148,8,512,4,512,0,7,1,3584,512,512,0,0.04460251741405927,0.08489211235482004
agg_aic_p0_decode_heavy_b12_isl512_ctx2048,observed_first_batch,strict_prefix0,genonly_step,generation_mla_block,generation_mla_block,0.681078587833909,7.55847510900146,14.0,9.535100229674725,47.79316117499018,7.55847510900146,93.19666429123085,10.240787513400708,246.80847699224148,8,512,4,512,0,7,1,3584,512,512,0,0.04734292329615063,0.09010793553091231
agg_aic_p0_decode_heavy_b12_isl512_ctx2048,observed_first_batch,strict_prefix0,genonly_step,generation_moe_overlap,generation_moe,6.1946446955204015,7.55847510900146,14.0,86.72502573728562,47.79316117499018,7.55847510900146,93.19666429123085,10.240787513400708,246.80847699224148,8,512,4,512,0,7,1,3584,512,512,0,0.4306002183971867,0.8195627565331451
agg_aic_p0_decode_heavy_b12_isl512_ctx2048,observed_first_batch,strict_prefix0,genonly_step,generation_p2p,generation_other,0.0,7.55847510900146,14.0,0.0,47.79316117499018,7.55847510900146,93.19666429123085,10.240787513400708,246.80847699224148,8,512,4,512,0,7,1,3584,512,512,0,0.0,0.0
agg_aic_p0_prefill_heavy_b16_isl512_ctx4096,intended_case,strict_prefix0,mix_step,context_add_norm_1,context_other,0.544880095522388,52.667651686573635,2.0,1.089760191044776,52.66765168657364,10.446468458791482,102.7019207888186,13.261214007310292,301.620130898473,8,512,8,512,0,7,1,3584,512,512,0,0.004331563718502701,0.010345631105122773
agg_aic_p0_prefill_heavy_b16_isl512_ctx4096,intended_case,strict_prefix0,mix_step,context_add_norm_2,context_other,0.544880095522388,52.667651686573635,2.0,1.089760191044776,52.66765168657364,10.446468458791482,102.7019207888186,13.261214007310292,301.620130898473,8,512,8,512,0,7,1,3584,512,512,0,0.004331563718502701,0.010345631105122773
agg_aic_p0_prefill_heavy_b16_isl512_ctx4096,intended_case,strict_prefix0,mix_step,context_attention (scaled),attention_scaled,0.0,52.667651686573635,2.0,0.0,52.66765168657364,10.446468458791482,102.7019207888186,13.261214007310292,301.620130898473,8,512,8,512,0,7,1,3584,512,512,0,0.0,0.0
agg_aic_p0_prefill_heavy_b16_isl512_ctx4096,intended_case,strict_prefix0,mix_step,context_embedding,context_other,0.024953337313432838,52.667651686573635,2.0,0.049906674626865676,52.66765168657364,10.446468458791482,102.7019207888186,13.261214007310292,301.620130898473,8,512,8,512,0,7,1,3584,512,512,0,0.00019836835929710385,0.0004737886826990256
agg_aic_p0_prefill_heavy_b16_isl512_ctx4096,intended_case,strict_prefix0,mix_step,context_logits_gemm,context_other,0.6363647375022955,52.667651686573635,2.0,1.272729475004591,52.66765168657364,10.446468458791482,102.7019207888186,13.261214007310292,301.620130898473,8,512,8,512,0,7,1,3584,512,512,0,0.005058827494986337,0.012082648782013601
agg_aic_p0_prefill_heavy_b16_isl512_ctx4096,intended_case,strict_prefix0,mix_step,context_mla_block,context_mla_block,15.123905113688574,52.667651686573635,2.0,30.247810227377148,52.66765168657364,10.446468458791482,102.7019207888186,13.261214007310292,301.620130898473,8,512,8,512,0,7,1,3584,512,512,0,0.12022857727941948,0.28715738464458734
agg_aic_p0_prefill_heavy_b16_isl512_ctx4096,intended_case,strict_prefix0,mix_step,context_moe,context_moe,33.34626763343811,52.667651686573635,2.0,66.69253526687622,52.66765168657364,10.446468458791482,102.7019207888186,13.261214007310292,301.620130898473,8,512,8,512,0,7,1,3584,512,512,0,0.26508856575133716,0.6331451387254265
agg_aic_p0_prefill_heavy_b16_isl512_ctx4096,intended_case,strict_prefix0,mix_step,context_moe_post_dispatch,context_other,0.0,52.667651686573635,2.0,0.0,52.66765168657364,10.446468458791482,102.7019207888186,13.261214007310292,301.620130898473,8,512,8,512,0,7,1,3584,512,512,0,0.0,0.0
agg_aic_p0_prefill_heavy_b16_isl512_ctx4096,intended_case,strict_prefix0,mix_step,context_moe_pre_dispatch,context_other,0.0,52.667651686573635,2.0,0.0,52.66765168657364,10.446468458791482,102.7019207888186,13.261214007310292,301.620130898473,8,512,8,512,0,7,1,3584,512,512,0,0.0,0.0
agg_aic_p0_prefill_heavy_b16_isl512_ctx4096,intended_case,strict_prefix0,mix_step,context_p2p,context_other,0.0,52.667651686573635,2.0,0.0,52.66765168657364,10.446468458791482,102.7019207888186,13.261214007310292,301.620130898473,8,512,8,512,0,7,1,3584,512,512,0,0.0,0.0
agg_aic_p0_prefill_heavy_b16_isl512_ctx4096,intended_case,strict_prefix0,mix_step,context_router_gemm,context_other,0.22145772315318285,52.667651686573635,2.0,0.4429154463063657,52.66765168657364,10.446468458791482,102.7019207888186,13.261214007310292,301.620130898473,8,512,8,512,0,7,1,3584,512,512,0,0.0017604941833540117,0.00420481483532022
agg_aic_p0_prefill_heavy_b16_isl512_ctx4096,intended_case,strict_prefix0,mix_step,context_shared_act_gate,context_shared_ffn,0.1309028776119403,52.667651686573635,2.0,0.2618057552238806,52.66765168657364,10.446468458791482,102.7019207888186,13.261214007310292,301.620130898473,8,512,8,512,0,7,1,3584,512,512,0,0.001040621890891191,0.0024854511910070765
agg_aic_p0_prefill_heavy_b16_isl512_ctx4096,intended_case,strict_prefix0,mix_step,context_shared_ffn2_gemm,context_shared_ffn,0.6651762083464978,52.667651686573635,2.0,1.3303524166929956,52.66765168657364,10.446468458791482,102.7019207888186,13.261214007310292,301.620130898473,8,512,8,512,0,7,1,3584,512,512,0,0.0052878663657599115,0.012629691794594835
agg_aic_p0_prefill_heavy_b16_isl512_ctx4096,intended_case,strict_prefix0,mix_step,context_shared_gate_up_gemm,context_shared_ffn,1.4288638644748264,52.667651686573635,2.0,2.8577277289496528,52.66765168657364,10.446468458791482,102.7019207888186,13.261214007310292,301.620130898473,8,512,8,512,0,7,1,3584,512,512,0,0.011358856608819575,0.027129819134105827
agg_aic_p0_prefill_heavy_b16_isl512_ctx4096,intended_case,strict_prefix0,mix_step,generation_attention,attention_scaled,0.0,52.667651686573635,2.0,0.0,52.66765168657364,10.446468458791482,102.7019207888186,13.261214007310292,301.620130898473,8,512,8,512,0,7,1,3584,512,512,0,0.0,0.0
agg_aic_p0_prefill_heavy_b16_isl512_ctx4096,intended_case,strict_prefix0,genonly_step,generation_add_norm_1,generation_other,0.02005411343283582,10.446468458791482,14.0,0.2807575880597015,52.66765168657364,10.446468458791482,102.7019207888186,13.261214007310292,301.620130898473,8,512,8,512,0,7,1,3584,512,512,0,0.0011159513736391958,0.00191970267386954
agg_aic_p0_prefill_heavy_b16_isl512_ctx4096,intended_case,strict_prefix0,genonly_step,generation_add_norm_2,generation_other,0.02005411343283582,10.446468458791482,14.0,0.2807575880597015,52.66765168657364,10.446468458791482,102.7019207888186,13.261214007310292,301.620130898473,8,512,8,512,0,7,1,3584,512,512,0,0.0011159513736391958,0.00191970267386954
agg_aic_p0_prefill_heavy_b16_isl512_ctx4096,intended_case,strict_prefix0,genonly_step,generation_embedding,generation_other,0.0030855880597014927,10.446468458791482,14.0,0.043198232835820895,52.66765168657364,10.446468458791482,102.7019207888186,13.261214007310292,301.620130898473,8,512,8,512,0,7,1,3584,512,512,0,0.00017170373775140556,0.0002953714044007609
agg_aic_p0_prefill_heavy_b16_isl512_ctx4096,intended_case,strict_prefix0,genonly_step,generation_logits_gemm,generation_other,0.6401090203493711,10.446468458791482,14.0,8.961526284891196,52.66765168657364,10.446468458791482,102.7019207888186,13.261214007310292,301.620130898473,8,512,8,512,0,7,1,3584,512,512,0,0.03562015059554334,0.061275159435404375
agg_aic_p0_prefill_heavy_b16_isl512_ctx4096,intended_case,strict_prefix0,genonly_step,generation_mla_block,generation_mla_block,0.7700037075786804,10.446468458791482,14.0,10.780051906101527,52.66765168657364,10.446468458791482,102.7019207888186,13.261214007310292,301.620130898473,8,512,8,512,0,7,1,3584,512,512,0,0.04284840105535354,0.07370947517968762
agg_aic_p0_prefill_heavy_b16_isl512_ctx4096,intended_case,strict_prefix0,genonly_step,generation_moe_overlap,generation_moe,8.993161915938058,10.446468458791482,14.0,125.90426682313282,52.66765168657364,10.446468458791482,102.7019207888186,13.261214007310292,301.620130898473,8,512,8,512,0,7,1,3584,512,512,0,0.5004425364932032,0.8608805886327682
agg_aic_p0_prefill_heavy_b16_isl512_ctx4096,intended_case,strict_prefix0,genonly_step,generation_p2p,generation_other,0.0,10.446468458791482,14.0,0.0,52.66765168657364,10.446468458791482,102.7019207888186,13.261214007310292,301.620130898473,8,512,8,512,0,7,1,3584,512,512,0,0.0,0.0
agg_aic_p0_prefill_heavy_b16_isl512_ctx4096,observed_first_batch,strict_prefix0,mix_step,context_add_norm_1,context_other,0.47824979104477616,47.79316117499018,2.0,0.9564995820895523,47.79316117499018,7.55847510900146,93.19666429123085,10.240787513400708,246.80847699224148,8,512,8,512,0,7,1,3584,512,512,0,0.004749135851423617,0.010006657423092593
agg_aic_p0_prefill_heavy_b16_isl512_ctx4096,observed_first_batch,strict_prefix0,mix_step,context_add_norm_2,context_other,0.47824979104477616,47.79316117499018,2.0,0.9564995820895523,47.79316117499018,7.55847510900146,93.19666429123085,10.240787513400708,246.80847699224148,8,512,8,512,0,7,1,3584,512,512,0,0.004749135851423617,0.010006657423092593
agg_aic_p0_prefill_heavy_b16_isl512_ctx4096,observed_first_batch,strict_prefix0,mix_step,context_attention (scaled),attention_scaled,0.0,47.79316117499018,2.0,0.0,47.79316117499018,7.55847510900146,93.19666429123085,10.240787513400708,246.80847699224148,8,512,8,512,0,7,1,3584,512,512,0,0.0,0.0
agg_aic_p0_prefill_heavy_b16_isl512_ctx4096,observed_first_batch,strict_prefix0,mix_step,context_embedding,context_other,0.02217707462686567,47.79316117499018,2.0,0.04435414925373134,47.79316117499018,7.55847510900146,93.19666429123085,10.240787513400708,246.80847699224148,8,512,8,512,0,7,1,3584,512,512,0,0.00022022370351706857,0.00046402192451063006
agg_aic_p0_prefill_heavy_b16_isl512_ctx4096,observed_first_batch,strict_prefix0,mix_step,context_logits_gemm,context_other,0.6363647375022955,47.79316117499018,2.0,1.272729475004591,47.79316117499018,7.55847510900146,93.19666429123085,10.240787513400708,246.80847699224148,8,512,8,512,0,7,1,3584,512,512,0,0.006319255431041011,0.013314974817679575
agg_aic_p0_prefill_heavy_b16_isl512_ctx4096,observed_first_batch,strict_prefix0,mix_step,context_mla_block,context_mla_block,12.928796785340364,47.79316117499018,2.0,25.857593570680727,47.79316117499018,7.55847510900146,93.19666429123085,10.240787513400708,246.80847699224148,8,512,8,512,0,7,1,3584,512,512,0,0.1283860724641314,0.2705156233127745
agg_aic_p0_prefill_heavy_b16_isl512_ctx4096,observed_first_batch,strict_prefix0,mix_step,context_moe,context_moe,31.2588526815176,47.79316117499018,2.0,62.5177053630352,47.79316117499018,7.55847510900146,93.19666429123085,10.240787513400708,246.80847699224148,8,512,8,512,0,7,1,3584,512,512,0,0.3104079515013643,0.6540444681419217
agg_aic_p0_prefill_heavy_b16_isl512_ctx4096,observed_first_batch,strict_prefix0,mix_step,context_moe_post_dispatch,context_other,0.0,47.79316117499018,2.0,0.0,47.79316117499018,7.55847510900146,93.19666429123085,10.240787513400708,246.80847699224148,8,512,8,512,0,7,1,3584,512,512,0,0.0,0.0
agg_aic_p0_prefill_heavy_b16_isl512_ctx4096,observed_first_batch,strict_prefix0,mix_step,context_moe_pre_dispatch,context_other,0.0,47.79316117499018,2.0,0.0,47.79316117499018,7.55847510900146,93.19666429123085,10.240787513400708,246.80847699224148,8,512,8,512,0,7,1,3584,512,512,0,0.0,0.0
agg_aic_p0_prefill_heavy_b16_isl512_ctx4096,observed_first_batch,strict_prefix0,mix_step,context_p2p,context_other,0.0,47.79316117499018,2.0,0.0,47.79316117499018,7.55847510900146,93.19666429123085,10.240787513400708,246.80847699224148,8,512,8,512,0,7,1,3584,512,512,0,0.0,0.0
agg_aic_p0_prefill_heavy_b16_isl512_ctx4096,observed_first_batch,strict_prefix0,mix_step,context_router_gemm,context_other,0.1572213371594747,47.79316117499018,2.0,0.3144426743189494,47.79316117499018,7.55847510900146,93.19666429123085,10.240787513400708,246.80847699224148,8,512,8,512,0,7,1,3584,512,512,0,0.0015612458236137835,0.0032896199643255132
agg_aic_p0_prefill_heavy_b16_isl512_ctx4096,observed_first_batch,strict_prefix0,mix_step,context_shared_act_gate,context_shared_ffn,0.11662495522388061,47.79316117499018,2.0,0.23324991044776122,47.79316117499018,7.55847510900146,93.19666429123085,10.240787513400708,246.80847699224148,8,512,8,512,0,7,1,3584,512,512,0,0.0011581139529918782,0.0024402017434433615
agg_aic_p0_prefill_heavy_b16_isl512_ctx4096,observed_first_batch,strict_prefix0,mix_step,context_shared_ffn2_gemm,context_shared_ffn,0.5886240005493164,47.79316117499018,2.0,1.1772480010986328,47.79316117499018,7.55847510900146,93.19666429123085,10.240787513400708,246.80847699224148,8,512,8,512,0,7,1,3584,512,512,0,0.005845178390795008,0.012316071715660841
agg_aic_p0_prefill_heavy_b16_isl512_ctx4096,observed_first_batch,strict_prefix0,mix_step,context_shared_gate_up_gemm,context_shared_ffn,1.128000020980835,47.79316117499018,2.0,2.25600004196167,47.79316117499018,7.55847510900146,93.19666429123085,10.240787513400708,246.80847699224148,8,512,8,512,0,7,1,3584,512,512,0,0.011201312452941823,0.023601703533498622
agg_aic_p0_prefill_heavy_b16_isl512_ctx4096,observed_first_batch,strict_prefix0,mix_step,generation_attention,attention_scaled,0.0,47.79316117499018,2.0,0.0,47.79316117499018,7.55847510900146,93.19666429123085,10.240787513400708,246.80847699224148,8,512,8,512,0,7,1,3584,512,512,0,0.0,0.0
agg_aic_p0_prefill_heavy_b16_isl512_ctx4096,observed_first_batch,strict_prefix0,genonly_step,generation_add_norm_1,generation_other,0.019027056716417908,7.55847510900146,14.0,0.2663787940298507,47.79316117499018,7.55847510900146,93.19666429123085,10.240787513400708,246.80847699224148,8,512,8,512,0,7,1,3584,512,512,0,0.0013226028578313682,0.002517314199230266
agg_aic_p0_prefill_heavy_b16_isl512_ctx4096,observed_first_batch,strict_prefix0,genonly_step,generation_add_norm_2,generation_other,0.019027056716417908,7.55847510900146,14.0,0.2663787940298507,47.79316117499018,7.55847510900146,93.19666429123085,10.240787513400708,246.80847699224148,8,512,8,512,0,7,1,3584,512,512,0,0.0013226028578313682,0.002517314199230266
agg_aic_p0_prefill_heavy_b16_isl512_ctx4096,observed_first_batch,strict_prefix0,genonly_step,generation_embedding,generation_other,0.0030427940298507466,7.55847510900146,14.0,0.04259911641791045,47.79316117499018,7.55847510900146,93.19666429123085,10.240787513400708,246.80847699224148,8,512,8,512,0,7,1,3584,512,512,0,0.0002115097536972324,0.0004025671826618909
agg_aic_p0_prefill_heavy_b16_isl512_ctx4096,observed_first_batch,strict_prefix0,genonly_step,generation_logits_gemm,generation_other,0.6416549181844626,7.55847510900146,14.0,8.983168854582477,47.79316117499018,7.55847510900146,93.19666429123085,10.240787513400708,246.80847699224148,8,512,8,512,0,7,1,3584,512,512,0,0.04460251741405927,0.08489211235482004
agg_aic_p0_prefill_heavy_b16_isl512_ctx4096,observed_first_batch,strict_prefix0,genonly_step,generation_mla_block,generation_mla_block,0.681078587833909,7.55847510900146,14.0,9.535100229674725,47.79316117499018,7.55847510900146,93.19666429123085,10.240787513400708,246.80847699224148,8,512,8,512,0,7,1,3584,512,512,0,0.04734292329615063,0.09010793553091231
agg_aic_p0_prefill_heavy_b16_isl512_ctx4096,observed_first_batch,strict_prefix0,genonly_step,generation_moe_overlap,generation_moe,6.1946446955204015,7.55847510900146,14.0,86.72502573728562,47.79316117499018,7.55847510900146,93.19666429123085,10.240787513400708,246.80847699224148,8,512,8,512,0,7,1,3584,512,512,0,0.4306002183971867,0.8195627565331451
agg_aic_p0_prefill_heavy_b16_isl512_ctx4096,observed_first_batch,strict_prefix0,genonly_step,generation_p2p,generation_other,0.0,7.55847510900146,14.0,0.0,47.79316117499018,7.55847510900146,93.19666429123085,10.240787513400708,246.80847699224148,8,512,8,512,0,7,1,3584,512,512,0,0.0,0.0
agg_aic_p0_mid_b8_isl2048_ctx8192,intended_case,strict_prefix0,mix_step,context_add_norm_1,context_other,1.0702196059701492,93.93462286648807,2.0,2.1404392119402984,93.93462286648808,7.74931221689128,183.17251458965177,13.494999593531066,385.59750849261775,4,2048,4,2048,0,3,1,6144,2048,2048,0,0.007222438857468905,0.011393238971015858
agg_aic_p0_mid_b8_isl2048_ctx8192,intended_case,strict_prefix0,mix_step,context_add_norm_2,context_other,1.0702196059701492,93.93462286648807,2.0,2.1404392119402984,93.93462286648808,7.74931221689128,183.17251458965177,13.494999593531066,385.59750849261775,4,2048,4,2048,0,3,1,6144,2048,2048,0,0.007222438857468905,0.011393238971015858
agg_aic_p0_mid_b8_isl2048_ctx8192,intended_case,strict_prefix0,mix_step,context_attention (scaled),attention_scaled,0.0,93.93462286648807,2.0,0.0,93.93462286648808,7.74931221689128,183.17251458965177,13.494999593531066,385.59750849261775,4,2048,4,2048,0,3,1,6144,2048,2048,0,0.0,0.0
agg_aic_p0_mid_b8_isl2048_ctx8192,intended_case,strict_prefix0,mix_step,context_embedding,context_other,0.04684248358208955,93.93462286648807,2.0,0.0936849671641791,93.93462286648808,7.74931221689128,183.17251458965177,13.494999593531066,385.59750849261775,4,2048,4,2048,0,3,1,6144,2048,2048,0,0.00031611920741906983,0.0004986711198986564
agg_aic_p0_mid_b8_isl2048_ctx8192,intended_case,strict_prefix0,mix_step,context_logits_gemm,context_other,0.6363647375022955,93.93462286648807,2.0,1.272729475004591,93.93462286648808,7.74931221689128,183.17251458965177,13.494999593531066,385.59750849261775,4,2048,4,2048,0,3,1,6144,2048,2048,0,0.004294544205713023,0.006774549341692452
agg_aic_p0_mid_b8_isl2048_ctx8192,intended_case,strict_prefix0,mix_step,context_mla_block,context_mla_block,39.240671897212366,93.93462286648807,2.0,78.48134379442473,93.93462286648808,7.74931221689128,183.17251458965177,13.494999593531066,385.59750849261775,4,2048,4,2048,0,3,1,6144,2048,2048,0,0.2648179419650061,0.41774449824519166
agg_aic_p0_mid_b8_isl2048_ctx8192,intended_case,strict_prefix0,mix_step,context_moe,context_moe,47.69870564103126,93.93462286648807,2.0,95.39741128206252,93.93462286648808,7.74931221689128,183.17251458965177,13.494999593531066,385.59750849261775,4,2048,4,2048,0,3,1,6144,2048,2048,0,0.32189747146378134,0.5077862047610153
agg_aic_p0_mid_b8_isl2048_ctx8192,intended_case,strict_prefix0,mix_step,context_moe_post_dispatch,context_other,0.0,93.93462286648807,2.0,0.0,93.93462286648808,7.74931221689128,183.17251458965177,13.494999593531066,385.59750849261775,4,2048,4,2048,0,3,1,6144,2048,2048,0,0.0,0.0
agg_aic_p0_mid_b8_isl2048_ctx8192,intended_case,strict_prefix0,mix_step,context_moe_pre_dispatch,context_other,0.0,93.93462286648807,2.0,0.0,93.93462286648808,7.74931221689128,183.17251458965177,13.494999593531066,385.59750849261775,4,2048,4,2048,0,3,1,6144,2048,2048,0,0.0,0.0
agg_aic_p0_mid_b8_isl2048_ctx8192,intended_case,strict_prefix0,mix_step,context_p2p,context_other,0.0,93.93462286648807,2.0,0.0,93.93462286648808,7.74931221689128,183.17251458965177,13.494999593531066,385.59750849261775,4,2048,4,2048,0,3,1,6144,2048,2048,0,0.0,0.0
agg_aic_p0_mid_b8_isl2048_ctx8192,intended_case,strict_prefix0,mix_step,context_router_gemm,context_other,0.3438353670644574,93.93462286648807,2.0,0.6876707341289148,93.93462286648808,7.74931221689128,183.17251458965177,13.494999593531066,385.59750849261775,4,2048,4,2048,0,3,1,6144,2048,2048,0,0.0023203928444268163,0.003660368845608294
agg_aic_p0_mid_b8_isl2048_ctx8192,intended_case,strict_prefix0,mix_step,context_shared_act_gate,context_shared_ffn,0.24347562985074628,93.93462286648807,2.0,0.48695125970149256,93.93462286648808,7.74931221689128,183.17251458965177,13.494999593531066,385.59750849261775,4,2048,4,2048,0,3,1,6144,2048,2048,0,0.001643109358183253,0.0025919689931241333
agg_aic_p0_mid_b8_isl2048_ctx8192,intended_case,strict_prefix0,mix_step,context_shared_ffn2_gemm,context_shared_ffn,1.233740202927341,93.93462286648807,2.0,2.467480405854682,93.93462286648808,7.74931221689128,183.17251458965177,13.494999593531066,385.59750849261775,4,2048,4,2048,0,3,1,6144,2048,2048,0,0.00832596705567412,0.013134030512699143
agg_aic_p0_mid_b8_isl2048_ctx8192,intended_case,strict_prefix0,mix_step,context_shared_gate_up_gemm,context_shared_ffn,2.3505476953772204,93.93462286648807,2.0,4.701095390754441,93.93462286648808,7.74931221689128,183.17251458965177,13.494999593531066,385.59750849261775,4,2048,4,2048,0,3,1,6144,2048,2048,0,0.015862806957303993,0.025023230238738703
agg_aic_p0_mid_b8_isl2048_ctx8192,intended_case,strict_prefix0,mix_step,generation_attention,attention_scaled,0.0,93.93462286648807,2.0,0.0,93.93462286648808,7.74931221689128,183.17251458965177,13.494999593531066,385.59750849261775,4,2048,4,2048,0,3,1,6144,2048,2048,0,0.0,0.0
agg_aic_p0_mid_b8_isl2048_ctx8192,intended_case,strict_prefix0,genonly_step,generation_add_norm_1,generation_other,0.019027056716417908,7.74931221689128,14.0,0.2663787940298507,93.93462286648808,7.74931221689128,183.17251458965177,13.494999593531066,385.59750849261775,4,2048,4,2048,0,3,1,6144,2048,2048,0,0.0008988363425947934,0.0024553219929562753
agg_aic_p0_mid_b8_isl2048_ctx8192,intended_case,strict_prefix0,genonly_step,generation_add_norm_2,generation_other,0.019027056716417908,7.74931221689128,14.0,0.2663787940298507,93.93462286648808,7.74931221689128,183.17251458965177,13.494999593531066,385.59750849261775,4,2048,4,2048,0,3,1,6144,2048,2048,0,0.0008988363425947934,0.0024553219929562753
agg_aic_p0_mid_b8_isl2048_ctx8192,intended_case,strict_prefix0,genonly_step,generation_embedding,generation_other,0.0030427940298507466,7.74931221689128,14.0,0.04259911641791045,93.93462286648808,7.74931221689128,183.17251458965177,13.494999593531066,385.59750849261775,4,2048,4,2048,0,3,1,6144,2048,2048,0,0.000143741299446508,0.0003926534309997638
agg_aic_p0_mid_b8_isl2048_ctx8192,intended_case,strict_prefix0,genonly_step,generation_logits_gemm,generation_other,0.6416549181844626,7.74931221689128,14.0,8.983168854582477,93.93462286648808,7.74931221689128,183.17251458965177,13.494999593531066,385.59750849261775,4,2048,4,2048,0,3,1,6144,2048,2048,0,0.03031171707031434,0.08280153131342918
agg_aic_p0_mid_b8_isl2048_ctx8192,intended_case,strict_prefix0,genonly_step,generation_mla_block,generation_mla_block,0.8719156957237287,7.74931221689128,14.0,12.206819740132202,93.93462286648808,7.74931221689128,183.17251458965177,13.494999593531066,385.59750849261775,4,2048,4,2048,0,3,1,6144,2048,2048,0,0.041189214216146755,0.112515236361648
agg_aic_p0_mid_b8_isl2048_ctx8192,intended_case,strict_prefix0,genonly_step,generation_moe_overlap,generation_moe,6.1946446955204015,7.74931221689128,14.0,86.72502573728562,93.93462286648808,7.74931221689128,183.17251458965177,13.494999593531066,385.59750849261775,4,2048,4,2048,0,3,1,6144,2048,2048,0,0.2926344239564572,0.7993799349080105
agg_aic_p0_mid_b8_isl2048_ctx8192,intended_case,strict_prefix0,genonly_step,generation_p2p,generation_other,0.0,7.74931221689128,14.0,0.0,93.93462286648808,7.74931221689128,183.17251458965177,13.494999593531066,385.59750849261775,4,2048,4,2048,0,3,1,6144,2048,2048,0,0.0,0.0
agg_aic_p0_mid_b8_isl2048_ctx8192,observed_first_batch,strict_prefix0,mix_step,context_add_norm_1,context_other,0.8069079402985074,71.15918308684681,2.0,1.6138158805970149,71.15918308684681,5.053239420956611,138.76040701935128,9.460302332015958,280.6649419995906,4,2048,4,2048,0,3,1,6144,2048,2048,0,0.0075743345476064665,0.011339477285928226
agg_aic_p0_mid_b8_isl2048_ctx8192,observed_first_batch,strict_prefix0,mix_step,context_add_norm_2,context_other,0.8069079402985074,71.15918308684681,2.0,1.6138158805970149,71.15918308684681,5.053239420956611,138.76040701935128,9.460302332015958,280.6649419995906,4,2048,4,2048,0,3,1,6144,2048,2048,0,0.0075743345476064665,0.011339477285928226
agg_aic_p0_mid_b8_isl2048_ctx8192,observed_first_batch,strict_prefix0,mix_step,context_attention (scaled),attention_scaled,0.0,71.15918308684681,2.0,0.0,71.15918308684681,5.053239420956611,138.76040701935128,9.460302332015958,280.6649419995906,4,2048,4,2048,0,3,1,6144,2048,2048,0,0.0,0.0
agg_aic_p0_mid_b8_isl2048_ctx8192,observed_first_batch,strict_prefix0,mix_step,context_embedding,context_other,0.03587116417910448,71.15918308684681,2.0,0.07174232835820896,71.15918308684681,5.053239420956611,138.76040701935128,9.460302332015958,280.6649419995906,4,2048,4,2048,0,3,1,6144,2048,2048,0,0.00033671771528749844,0.0005040974702495561
agg_aic_p0_mid_b8_isl2048_ctx8192,observed_first_batch,strict_prefix0,mix_step,context_logits_gemm,context_other,0.6363647375022955,71.15918308684681,2.0,1.272729475004591,71.15918308684681,5.053239420956611,138.76040701935128,9.460302332015958,280.6649419995906,4,2048,4,2048,0,3,1,6144,2048,2048,0,0.005973468812760762,0.008942833656840031
agg_aic_p0_mid_b8_isl2048_ctx8192,observed_first_batch,strict_prefix0,mix_step,context_mla_block,context_mla_block,26.331035789976475,71.15918308684681,2.0,52.66207157995295,71.15918308684681,5.053239420956611,138.76040701935128,9.460302332015958,280.6649419995906,4,2048,4,2048,0,3,1,6144,2048,2048,0,0.2471658340411179,0.3700300459863423
agg_aic_p0_mid_b8_isl2048_ctx8192,observed_first_batch,strict_prefix0,mix_step,context_moe,context_moe,39.32051694631576,71.15918308684681,2.0,78.64103389263153,71.15918308684681,5.053239420956611,138.76040701935128,9.460302332015958,280.6649419995906,4,2048,4,2048,0,3,1,6144,2048,2048,0,0.3690963182566366,0.5525712246910804
agg_aic_p0_mid_b8_isl2048_ctx8192,observed_first_batch,strict_prefix0,mix_step,context_moe_post_dispatch,context_other,0.0,71.15918308684681,2.0,0.0,71.15918308684681,5.053239420956611,138.76040701935128,9.460302332015958,280.6649419995906,4,2048,4,2048,0,3,1,6144,2048,2048,0,0.0,0.0
agg_aic_p0_mid_b8_isl2048_ctx8192,observed_first_batch,strict_prefix0,mix_step,context_moe_pre_dispatch,context_other,0.0,71.15918308684681,2.0,0.0,71.15918308684681,5.053239420956611,138.76040701935128,9.460302332015958,280.6649419995906,4,2048,4,2048,0,3,1,6144,2048,2048,0,0.0,0.0
agg_aic_p0_mid_b8_isl2048_ctx8192,observed_first_batch,strict_prefix0,mix_step,context_p2p,context_other,0.0,71.15918308684681,2.0,0.0,71.15918308684681,5.053239420956611,138.76040701935128,9.460302332015958,280.6649419995906,4,2048,4,2048,0,3,1,6144,2048,2048,0,0.0,0.0
agg_aic_p0_mid_b8_isl2048_ctx8192,observed_first_batch,strict_prefix0,mix_step,context_router_gemm,context_other,0.27416341074682454,71.15918308684681,2.0,0.5483268214936491,71.15918308684681,5.053239420956611,138.76040701935128,9.460302332015958,280.6649419995906,4,2048,4,2048,0,3,1,6144,2048,2048,0,0.0025735344640939782,0.003852818411535438
agg_aic_p0_mid_b8_isl2048_ctx8192,observed_first_batch,strict_prefix0,mix_step,context_shared_act_gate,context_shared_ffn,0.1870517014925373,71.15918308684681,2.0,0.3741034029850746,71.15918308684681,5.053239420956611,138.76040701935128,9.460302332015958,280.6649419995906,4,2048,4,2048,0,3,1,6144,2048,2048,0,0.0017558287557306344,0.0026286375612863417
agg_aic_p0_mid_b8_isl2048_ctx8192,observed_first_batch,strict_prefix0,mix_step,context_shared_ffn2_gemm,context_shared_ffn,0.9390039588879863,71.15918308684681,2.0,1.8780079177759725,71.15918308684681,5.053239420956611,138.76040701935128,9.460302332015958,280.6649419995906,4,2048,4,2048,0,3,1,6144,2048,2048,0,0.008814301819255096,0.013195822635315687
agg_aic_p0_mid_b8_isl2048_ctx8192,observed_first_batch,strict_prefix0,mix_step,context_shared_gate_up_gemm,context_shared_ffn,1.8213594971488123,71.15918308684681,2.0,3.6427189942976246,71.15918308684681,5.053239420956611,138.76040701935128,9.460302332015958,280.6649419995906,4,2048,4,2048,0,3,1,6144,2048,2048,0,0.017096852656775012,0.02559556501549377
agg_aic_p0_mid_b8_isl2048_ctx8192,observed_first_batch,strict_prefix0,mix_step,generation_attention,attention_scaled,0.0,71.15918308684681,2.0,0.0,71.15918308684681,5.053239420956611,138.76040701935128,9.460302332015958,280.6649419995906,4,2048,4,2048,0,3,1,6144,2048,2048,0,0.0,0.0
agg_aic_p0_mid_b8_isl2048_ctx8192,observed_first_batch,strict_prefix0,genonly_step,generation_add_norm_1,generation_other,0.018513528358208957,5.053239420956612,14.0,0.2591893970149254,71.15918308684681,5.053239420956611,138.76040701935128,9.460302332015958,280.6649419995906,4,2048,4,2048,0,3,1,6144,2048,2048,0,0.0012164877219185478,0.0036636950708154297
agg_aic_p0_mid_b8_isl2048_ctx8192,observed_first_batch,strict_prefix0,genonly_step,generation_add_norm_2,generation_other,0.018513528358208957,5.053239420956612,14.0,0.2591893970149254,71.15918308684681,5.053239420956611,138.76040701935128,9.460302332015958,280.6649419995906,4,2048,4,2048,0,3,1,6144,2048,2048,0,0.0012164877219185478,0.0036636950708154297
agg_aic_p0_mid_b8_isl2048_ctx8192,observed_first_batch,strict_prefix0,genonly_step,generation_embedding,generation_other,0.0030213970149253733,5.053239420956612,14.0,0.04229955820895523,71.15918308684681,5.053239420956611,138.76040701935128,9.460302332015958,280.6649419995906,4,2048,4,2048,0,3,1,6144,2048,2048,0,0.00019853008570720897,0.0005979128957150031
agg_aic_p0_mid_b8_isl2048_ctx8192,observed_first_batch,strict_prefix0,genonly_step,generation_logits_gemm,generation_other,0.6415428867649413,5.053239420956612,14.0,8.981600414709177,71.15918308684681,5.053239420956611,138.76040701935128,9.460302332015958,280.6649419995906,4,2048,4,2048,0,3,1,6144,2048,2048,0,0.04215452774498749,0.12695675651233895
agg_aic_p0_mid_b8_isl2048_ctx8192,observed_first_batch,strict_prefix0,genonly_step,generation_mla_block,generation_mla_block,0.7486070320130367,5.053239420956612,14.0,10.480498448182514,71.15918308684681,5.053239420956611,138.76040701935128,9.460302332015958,280.6649419995906,4,2048,4,2048,0,3,1,6144,2048,2048,0,0.04918950323059029,0.1481439863918659
agg_aic_p0_mid_b8_isl2048_ctx8192,observed_first_batch,strict_prefix0,genonly_step,generation_moe_overlap,generation_moe,3.623041048447291,5.053239420956612,14.0,50.72257467826207,71.15918308684681,5.053239420956611,138.76040701935128,9.460302332015958,280.6649419995906,4,2048,4,2048,0,3,1,6144,2048,2048,0,0.23806293787800764,0.7169739540584492
agg_aic_p0_mid_b8_isl2048_ctx8192,observed_first_batch,strict_prefix0,genonly_step,generation_p2p,generation_other,0.0,5.053239420956612,14.0,0.0,71.15918308684681,5.053239420956611,138.76040701935128,9.460302332015958,280.6649419995906,4,2048,4,2048,0,3,1,6144,2048,2048,0,0.0,0.0
agg_aic_p0_decode_heavy_b17_isl2048_ctx2048,intended_case,strict_prefix0,mix_step,context_add_norm_1,context_other,0.28298063283582087,36.58297597127861,17.0,4.810670758208955,36.58297597127861,0.0,98.77403512245225,36.58297597127861,647.5186746916313,16,2048,1,2048,0,4,1,8191,2048,2048,0,0.0077353092612801565,0.007735309261280157
agg_aic_p0_decode_heavy_b17_isl2048_ctx2048,intended_case,strict_prefix0,mix_step,context_add_norm_2,context_other,0.28298063283582087,36.58297597127861,17.0,4.810670758208955,36.58297597127861,0.0,98.77403512245225,36.58297597127861,647.5186746916313,16,2048,1,2048,0,4,1,8191,2048,2048,0,0.0077353092612801565,0.007735309261280157
agg_aic_p0_decode_heavy_b17_isl2048_ctx2048,intended_case,strict_prefix0,mix_step,context_attention (scaled),attention_scaled,0.0,36.58297597127861,17.0,0.0,36.58297597127861,0.0,98.77403512245225,36.58297597127861,647.5186746916313,16,2048,1,2048,0,4,1,8191,2048,2048,0,0.0,0.0
agg_aic_p0_decode_heavy_b17_isl2048_ctx2048,intended_case,strict_prefix0,mix_step,context_embedding,context_other,0.014040859701492537,36.58297597127861,17.0,0.23869461492537314,36.58297597127861,0.0,98.77403512245225,36.58297597127861,647.5186746916313,16,2048,1,2048,0,4,1,8191,2048,2048,0,0.0003838085702080676,0.00038380857020806763
agg_aic_p0_decode_heavy_b17_isl2048_ctx2048,intended_case,strict_prefix0,mix_step,context_logits_gemm,context_other,0.6363647375022955,36.58297597127861,17.0,10.818200537539024,36.58297597127861,0.0,98.77403512245225,36.58297597127861,647.5186746916313,16,2048,1,2048,0,4,1,8191,2048,2048,0,0.017395105800083268,0.01739510580008327
agg_aic_p0_decode_heavy_b17_isl2048_ctx2048,intended_case,strict_prefix0,mix_step,context_mla_block,context_mla_block,6.733880948452432,36.58297597127861,17.0,114.47597612369135,36.58297597127861,0.0,98.77403512245225,36.58297597127861,647.5186746916313,16,2048,1,2048,0,4,1,8191,2048,2048,0,0.1840714367726458,0.18407143677264584
agg_aic_p0_decode_heavy_b17_isl2048_ctx2048,intended_case,strict_prefix0,mix_step,context_moe,context_moe,27.31082190513611,36.58297597127861,17.0,464.28397238731384,36.58297597127861,0.0,98.77403512245225,36.58297597127861,647.5186746916313,16,2048,1,2048,0,4,1,8191,2048,2048,0,0.7465445656082736,0.7465445656082739
agg_aic_p0_decode_heavy_b17_isl2048_ctx2048,intended_case,strict_prefix0,mix_step,context_moe_post_dispatch,context_other,0.0,36.58297597127861,17.0,0.0,36.58297597127861,0.0,98.77403512245225,36.58297597127861,647.5186746916313,16,2048,1,2048,0,4,1,8191,2048,2048,0,0.0,0.0
agg_aic_p0_decode_heavy_b17_isl2048_ctx2048,intended_case,strict_prefix0,mix_step,context_moe_pre_dispatch,context_other,0.0,36.58297597127861,17.0,0.0,36.58297597127861,0.0,98.77403512245225,36.58297597127861,647.5186746916313,16,2048,1,2048,0,4,1,8191,2048,2048,0,0.0,0.0
agg_aic_p0_decode_heavy_b17_isl2048_ctx2048,intended_case,strict_prefix0,mix_step,context_p2p,context_other,0.0,36.58297597127861,17.0,0.0,36.58297597127861,0.0,98.77403512245225,36.58297597127861,647.5186746916313,16,2048,1,2048,0,4,1,8191,2048,2048,0,0.0,0.0
agg_aic_p0_decode_heavy_b17_isl2048_ctx2048,intended_case,strict_prefix0,mix_step,context_router_gemm,context_other,0.12965050631878422,36.58297597127861,17.0,2.2040586074193316,36.58297597127861,0.0,98.77403512245225,36.58297597127861,647.5186746916313,16,2048,1,2048,0,4,1,8191,2048,2048,0,0.0035440120131443966,0.0035440120131443975
agg_aic_p0_decode_heavy_b17_isl2048_ctx2048,intended_case,strict_prefix0,mix_step,context_shared_act_gate,context_shared_ffn,0.07478156417910448,36.58297597127861,17.0,1.2712865910447761,36.58297597127861,0.0,98.77403512245225,36.58297597127861,647.5186746916313,16,2048,1,2048,0,4,1,8191,2048,2048,0,0.002044162952675465,0.0020441629526754654
agg_aic_p0_decode_heavy_b17_isl2048_ctx2048,intended_case,strict_prefix0,mix_step,context_shared_ffn2_gemm,context_shared_ffn,0.35476361770255893,36.58297597127861,17.0,6.0309815009435015,36.58297597127861,0.0,98.77403512245225,36.58297597127861,647.5186746916313,16,2048,1,2048,0,4,1,8191,2048,2048,0,0.009697505691748116,0.009697505691748117
agg_aic_p0_decode_heavy_b17_isl2048_ctx2048,intended_case,strict_prefix0,mix_step,context_shared_gate_up_gemm,context_shared_ffn,0.7627105666141885,36.58297597127861,17.0,12.966079632441204,36.58297597127861,0.0,98.77403512245225,36.58297597127861,647.5186746916313,16,2048,1,2048,0,4,1,8191,2048,2048,0,0.020848784068660635,0.020848784068660642
agg_aic_p0_decode_heavy_b17_isl2048_ctx2048,intended_case,strict_prefix0,mix_step,generation_attention,attention_scaled,0.0,36.58297597127861,17.0,0.0,36.58297597127861,0.0,98.77403512245225,36.58297597127861,647.5186746916313,16,2048,1,2048,0,4,1,8191,2048,2048,0,0.0,0.0
agg_aic_p0_decode_heavy_b17_isl2048_ctx2048,observed_first_batch,strict_prefix0,mix_step,context_add_norm_1,context_other,1.0698344597014926,93.88838444023584,2.0,2.139668919402985,93.88838444023584,5.710930174187519,183.0823496584599,11.589427125257409,356.92375653732097,16,2048,1,2048,0,4,1,8191,2048,2048,0,0.007991897012509883,0.01139474777502951
agg_aic_p0_decode_heavy_b17_isl2048_ctx2048,observed_first_batch,strict_prefix0,mix_step,context_add_norm_2,context_other,1.0698344597014926,93.88838444023584,2.0,2.139668919402985,93.88838444023584,5.710930174187519,183.0823496584599,11.589427125257409,356.92375653732097,16,2048,1,2048,0,4,1,8191,2048,2048,0,0.007991897012509883,0.01139474777502951
agg_aic_p0_decode_heavy_b17_isl2048_ctx2048,observed_first_batch,strict_prefix0,mix_step,context_attention (scaled),attention_scaled,0.0,93.88838444023584,2.0,0.0,93.88838444023584,5.710930174187519,183.0823496584599,11.589427125257409,356.92375653732097,16,2048,1,2048,0,4,1,8191,2048,2048,0,0.0,0.0
agg_aic_p0_decode_heavy_b17_isl2048_ctx2048,observed_first_batch,strict_prefix0,mix_step,context_embedding,context_other,0.046826435820895525,93.88838444023584,2.0,0.09365287164179105,93.88838444023584,5.710930174187519,183.0823496584599,11.589427125257409,356.92375653732097,16,2048,1,2048,0,4,1,8191,2048,2048,0,0.0003498037001424685,0.0004987457830920784
agg_aic_p0_decode_heavy_b17_isl2048_ctx2048,observed_first_batch,strict_prefix0,mix_step,context_logits_gemm,context_other,0.6363647375022955,93.88838444023584,2.0,1.272729475004591,93.88838444023584,5.710930174187519,183.0823496584599,11.589427125257409,356.92375653732097,16,2048,1,2048,0,4,1,8191,2048,2048,0,0.004753783539492896,0.006777885691572104
agg_aic_p0_decode_heavy_b17_isl2048_ctx2048,observed_first_batch,strict_prefix0,mix_step,context_mla_block,context_mla_block,39.20868953677592,93.88838444023584,2.0,78.41737907355184,93.88838444023584,5.710930174187519,183.0823496584599,11.589427125257409,356.92375653732097,16,2048,1,2048,0,4,1,8191,2048,2048,0,0.2928974720638734,0.41760958792228453
agg_aic_p0_decode_heavy_b17_isl2048_ctx2048,observed_first_batch,strict_prefix0,mix_step,context_moe,context_moe,47.686654864847654,93.88838444023584,2.0,95.37330972969531,93.88838444023584,5.710930174187519,183.0823496584599,11.589427125257409,356.92375653732097,16,2048,1,2048,0,4,1,8191,2048,2048,0,0.3562297242297683,0.5079079286448085
agg_aic_p0_decode_heavy_b17_isl2048_ctx2048,observed_first_batch,strict_prefix0,mix_step,context_moe_post_dispatch,context_other,0.0,93.88838444023584,2.0,0.0,93.88838444023584,5.710930174187519,183.0823496584599,11.589427125257409,356.92375653732097,16,2048,1,2048,0,4,1,8191,2048,2048,0,0.0,0.0
agg_aic_p0_decode_heavy_b17_isl2048_ctx2048,observed_first_batch,strict_prefix0,mix_step,context_moe_pre_dispatch,context_other,0.0,93.88838444023584,2.0,0.0,93.88838444023584,5.710930174187519,183.0823496584599,11.589427125257409,356.92375653732097,16,2048,1,2048,0,4,1,8191,2048,2048,0,0.0,0.0
agg_aic_p0_decode_heavy_b17_isl2048_ctx2048,observed_first_batch,strict_prefix0,mix_step,context_p2p,context_other,0.0,93.88838444023584,2.0,0.0,93.88838444023584,5.710930174187519,183.0823496584599,11.589427125257409,356.92375653732097,16,2048,1,2048,0,4,1,8191,2048,2048,0,0.0,0.0
agg_aic_p0_decode_heavy_b17_isl2048_ctx2048,observed_first_batch,strict_prefix0,mix_step,context_router_gemm,context_other,0.3437508377683116,93.88838444023584,2.0,0.6875016755366232,93.88838444023584,5.710930174187519,183.0823496584599,11.589427125257409,356.92375653732097,16,2048,1,2048,0,4,1,8191,2048,2048,0,0.002567893816184304,0.00366127119789908
agg_aic_p0_decode_heavy_b17_isl2048_ctx2048,observed_first_batch,strict_prefix0,mix_step,context_shared_act_gate,context_shared_ffn,0.24339309850746266,93.88838444023584,2.0,0.4867861970149253,93.88838444023584,5.710930174187519,183.0823496584599,11.589427125257409,356.92375653732097,16,2048,1,2048,0,4,1,8191,2048,2048,0,0.0018181995907759977,0.0025923664568154674
agg_aic_p0_decode_heavy_b17_isl2048_ctx2048,observed_first_batch,strict_prefix0,mix_step,context_shared_ffn2_gemm,context_shared_ffn,1.233331052547631,93.88838444023584,2.0,2.466662105095262,93.88838444023584,5.710930174187519,183.0823496584599,11.589427125257409,356.92375653732097,16,2048,1,2048,0,4,1,8191,2048,2048,0,0.009213252260579927,0.01313614096036237
agg_aic_p0_decode_heavy_b17_isl2048_ctx2048,observed_first_batch,strict_prefix0,mix_step,context_shared_gate_up_gemm,context_shared_ffn,2.3497049570626887,93.88838444023584,2.0,4.699409914125377,93.88838444023584,5.710930174187519,183.0823496584599,11.589427125257409,356.92375653732097,16,2048,1,2048,0,4,1,8191,2048,2048,0,0.017552809087742986,0.02502657779310689
agg_aic_p0_decode_heavy_b17_isl2048_ctx2048,observed_first_batch,strict_prefix0,mix_step,generation_attention,attention_scaled,0.0,93.88838444023584,2.0,0.0,93.88838444023584,5.710930174187519,183.0823496584599,11.589427125257409,356.92375653732097,16,2048,1,2048,0,4,1,8191,2048,2048,0,0.0,0.0
agg_aic_p0_decode_heavy_b17_isl2048_ctx2048,observed_first_batch,strict_prefix0,genonly_step,generation_add_norm_1,generation_other,0.018641910447761194,5.710930174187519,14.0,0.2609867462686567,93.88838444023584,5.710930174187519,183.0823496584599,11.589427125257409,356.92375653732097,16,2048,1,2048,0,4,1,8191,2048,2048,0,0.0009748139905640779,0.0032642511603485566
agg_aic_p0_decode_heavy_b17_isl2048_ctx2048,observed_first_batch,strict_prefix0,genonly_step,generation_add_norm_2,generation_other,0.018641910447761194,5.710930174187519,14.0,0.2609867462686567,93.88838444023584,5.710930174187519,183.0823496584599,11.589427125257409,356.92375653732097,16,2048,1,2048,0,4,1,8191,2048,2048,0,0.0009748139905640779,0.0032642511603485566
agg_aic_p0_decode_heavy_b17_isl2048_ctx2048,observed_first_batch,strict_prefix0,genonly_step,generation_embedding,generation_other,0.0030267462686567165,5.710930174187519,14.0,0.042374447761194034,93.88838444023584,5.710930174187519,183.0823496584599,11.589427125257409,356.92375653732097,16,2048,1,2048,0,4,1,8191,2048,2048,0,0.0001582731886220669,0.0005299918185547287
agg_aic_p0_decode_heavy_b17_isl2048_ctx2048,observed_first_batch,strict_prefix0,genonly_step,generation_logits_gemm,generation_other,0.657914713430492,5.710930174187519,14.0,9.210805988026888,93.88838444023584,5.710930174187519,183.0823496584599,11.589427125257409,356.92375653732097,16,2048,1,2048,0,4,1,8191,2048,2048,0,0.034403365955822524,0.11520272413838295
agg_aic_p0_decode_heavy_b17_isl2048_ctx2048,observed_first_batch,strict_prefix0,genonly_step,generation_mla_block,generation_mla_block,0.7575269312102131,5.710930174187519,14.0,10.605377036942983,93.88838444023584,5.710930174187519,183.0823496584599,11.589427125257409,356.92375653732097,16,2048,1,2048,0,4,1,8191,2048,2048,0,0.039612241075939275,0.13264510475615904
agg_aic_p0_decode_heavy_b17_isl2048_ctx2048,observed_first_batch,strict_prefix0,genonly_step,generation_moe_overlap,generation_moe,4.255177962382635,5.710930174187519,14.0,59.572491473356884,93.88838444023584,5.710930174187519,183.0823496584599,11.589427125257409,356.92375653732097,16,2048,1,2048,0,4,1,8191,2048,2048,0,0.22250975948490806,0.7450936769662062
agg_aic_p0_decode_heavy_b17_isl2048_ctx2048,observed_first_batch,strict_prefix0,genonly_step,generation_p2p,generation_other,0.0,5.710930174187519,14.0,0.0,93.88838444023584,5.710930174187519,183.0823496584599,11.589427125257409,356.92375653732097,16,2048,1,2048,0,4,1,8191,2048,2048,0,0.0,0.0
agg_aic_p0_chunk_b9_isl8192_ctx8192,intended_case,strict_prefix0,mix_step,context_add_norm_1,context_other,1.0707331343283581,93.99621972131752,9.0,9.636598208955224,93.9962197213175,8.869891315420237,216.19130535903025,48.158965964295895,938.5757948234686,8,8192,1,8192,0,1,1,8191,8192,8192,0,0.010612348271042484,0.011391236131653977
agg_aic_p0_chunk_b9_isl8192_ctx8192,intended_case,strict_prefix0,mix_step,context_add_norm_2,context_other,1.0707331343283581,93.99621972131752,9.0,9.636598208955224,93.9962197213175,8.869891315420237,216.19130535903025,48.158965964295895,938.5757948234686,8,8192,1,8192,0,1,1,8191,8192,8192,0,0.010612348271042484,0.011391236131653977
agg_aic_p0_chunk_b9_isl8192_ctx8192,intended_case,strict_prefix0,mix_step,context_attention (scaled),attention_scaled,0.0,93.99621972131752,9.0,0.0,93.9962197213175,8.869891315420237,216.19130535903025,48.158965964295895,938.5757948234686,8,8192,1,8192,0,1,1,8191,8192,8192,0,0.0,0.0
agg_aic_p0_chunk_b9_isl8192_ctx8192,intended_case,strict_prefix0,mix_step,context_embedding,context_other,0.04686388059701493,93.99621972131752,9.0,0.4217749253731343,93.9962197213175,8.869891315420237,216.19130535903025,48.158965964295895,938.5757948234686,8,8192,1,8192,0,1,1,8191,8192,8192,0,0.00046448158395699413,0.0004985719716809698
agg_aic_p0_chunk_b9_isl8192_ctx8192,intended_case,strict_prefix0,mix_step,context_logits_gemm,context_other,0.6363647375022955,93.99621972131752,9.0,5.727282637520659,93.9962197213175,8.869891315420237,216.19130535903025,48.158965964295895,938.5757948234686,8,8192,1,8192,0,1,1,8191,8192,8192,0,0.006307196448180402,0.006770109897919369
agg_aic_p0_chunk_b9_isl8192_ctx8192,intended_case,strict_prefix0,mix_step,context_mla_block,context_mla_block,39.283260664287425,93.99621972131752,9.0,353.5493459785868,93.9962197213175,8.869891315420237,216.19130535903025,48.158965964295895,938.5757948234686,8,8192,1,8192,0,1,1,8191,8192,8192,0,0.389347849642352,0.4179238354558883
agg_aic_p0_chunk_b9_isl8192_ctx8192,intended_case,strict_prefix0,mix_step,context_moe,context_moe,47.7147733426094,93.99621972131752,9.0,429.4329600834846,93.9962197213175,8.869891315420237,216.19130535903025,48.158965964295895,938.5757948234686,8,8192,1,8192,0,1,1,8191,8192,8192,0,0.47291503003991225,0.5076243862154821
agg_aic_p0_chunk_b9_isl8192_ctx8192,intended_case,strict_prefix0,mix_step,context_moe_post_dispatch,context_other,0.0,93.99621972131752,9.0,0.0,93.9962197213175,8.869891315420237,216.19130535903025,48.158965964295895,938.5757948234686,8,8192,1,8192,0,1,1,8191,8192,8192,0,0.0,0.0
agg_aic_p0_chunk_b9_isl8192_ctx8192,intended_case,strict_prefix0,mix_step,context_moe_pre_dispatch,context_other,0.0,93.99621972131752,9.0,0.0,93.9962197213175,8.869891315420237,216.19130535903025,48.158965964295895,938.5757948234686,8,8192,1,8192,0,1,1,8191,8192,8192,0,0.0,0.0
agg_aic_p0_chunk_b9_isl8192_ctx8192,intended_case,strict_prefix0,mix_step,context_p2p,context_other,0.0,93.99621972131752,9.0,0.0,93.9962197213175,8.869891315420237,216.19130535903025,48.158965964295895,938.5757948234686,8,8192,1,8192,0,1,1,8191,8192,8192,0,0.0,0.0
agg_aic_p0_chunk_b9_isl8192_ctx8192,intended_case,strict_prefix0,mix_step,context_router_gemm,context_other,0.3439480727926517,93.99621972131752,9.0,3.0955326551338653,93.9962197213175,8.869891315420237,216.19130535903025,48.158965964295895,938.5757948234686,8,8192,1,8192,0,1,1,8191,8192,8192,0,0.003408969628944096,0.003659169207148948
agg_aic_p0_chunk_b9_isl8192_ctx8192,intended_case,strict_prefix0,mix_step,context_shared_act_gate,context_shared_ffn,0.243585671641791,93.99621972131752,9.0,2.192271044776119,93.9962197213175,8.869891315420237,216.19130535903025,48.158965964295895,938.5757948234686,8,8192,1,8192,0,1,1,8191,8192,8192,0,0.0024142486100609873,0.002591441149058763
agg_aic_p0_chunk_b9_isl8192_ctx8192,intended_case,strict_prefix0,mix_step,context_shared_ffn2_gemm,context_shared_ffn,1.2342857367669542,93.99621972131752,9.0,11.108571630902588,93.9962197213175,8.869891315420237,216.19130535903025,48.158965964295895,938.5757948234686,8,8192,1,8192,0,1,1,8191,8192,8192,0,0.012233365798255255,0.01313122740921281
agg_aic_p0_chunk_b9_isl8192_ctx8192,intended_case,strict_prefix0,mix_step,context_shared_gate_up_gemm,context_shared_ffn,2.351671346463263,93.99621972131752,9.0,21.165042118169367,93.9962197213175,8.869891315420237,216.19130535903025,48.158965964295895,938.5757948234686,8,8192,1,8192,0,1,1,8191,8192,8192,0,0.0233081003543934,0.025018786430300713
agg_aic_p0_chunk_b9_isl8192_ctx8192,intended_case,strict_prefix0,mix_step,generation_attention,attention_scaled,0.0,93.99621972131752,9.0,0.0,93.9962197213175,8.869891315420237,216.19130535903025,48.158965964295895,938.5757948234686,8,8192,1,8192,0,1,1,8191,8192,8192,0,0.0,0.0
agg_aic_p0_chunk_b9_isl8192_ctx8192,intended_case,strict_prefix0,genonly_step,generation_add_norm_1,generation_other,0.01915543880597015,8.869891315420237,7.0,0.13408807164179104,93.9962197213175,8.869891315420237,216.19130535903025,48.158965964295895,938.5757948234686,8,8192,1,8192,0,1,1,8191,8192,8192,0,0.00014766510799763425,0.0021596024263193132
agg_aic_p0_chunk_b9_isl8192_ctx8192,intended_case,strict_prefix0,genonly_step,generation_add_norm_2,generation_other,0.01915543880597015,8.869891315420237,7.0,0.13408807164179104,93.9962197213175,8.869891315420237,216.19130535903025,48.158965964295895,938.5757948234686,8,8192,1,8192,0,1,1,8191,8192,8192,0,0.00014766510799763425,0.0021596024263193132
agg_aic_p0_chunk_b9_isl8192_ctx8192,intended_case,strict_prefix0,genonly_step,generation_embedding,generation_other,0.00304814328358209,8.869891315420237,7.0,0.021337002985074627,93.9962197213175,8.869891315420237,216.19130535903025,48.158965964295895,938.5757948234686,8,8192,1,8192,0,1,1,8191,8192,8192,0,2.3497473053038563e-05,0.0003436505787035876
agg_aic_p0_chunk_b9_isl8192_ctx8192,intended_case,strict_prefix0,genonly_step,generation_logits_gemm,generation_other,0.6548326268666912,8.869891315420237,7.0,4.583828388066839,93.9962197213175,8.869891315420237,216.19130535903025,48.158965964295895,938.5757948234686,8,8192,1,8192,0,1,1,8191,8192,8192,0,0.0050479621764920055,0.07382645441531734
agg_aic_p0_chunk_b9_isl8192_ctx8192,intended_case,strict_prefix0,genonly_step,generation_mla_block,generation_mla_block,1.6360629888431348,8.869891315420237,7.0,11.452440921901944,93.9962197213175,8.869891315420237,216.19130535903025,48.158965964295895,938.5757948234686,8,8192,1,8192,0,1,1,8191,8192,8192,0,0.012612053442657652,0.1844513005473756
agg_aic_p0_chunk_b9_isl8192_ctx8192,intended_case,strict_prefix0,genonly_step,generation_moe_overlap,generation_moe,6.537636678814889,8.869891315420237,7.0,45.76345675170422,93.9962197213175,8.869891315420237,216.19130535903025,48.158965964295895,938.5757948234686,8,8192,1,8192,0,1,1,8191,8192,8192,0,0.05039721804366165,0.737059389605965
agg_aic_p0_chunk_b9_isl8192_ctx8192,intended_case,strict_prefix0,genonly_step,generation_p2p,generation_other,0.0,8.869891315420237,7.0,0.0,93.9962197213175,8.869891315420237,216.19130535903025,48.158965964295895,938.5757948234686,8,8192,1,8192,0,1,1,8191,8192,8192,0,0.0,0.0
agg_aic_p0_chunk_b9_isl8192_ctx8192,observed_first_batch,strict_prefix0,mix_step,context_add_norm_1,context_other,1.0698344597014926,93.88838444023584,2.0,2.139668919402985,93.88838444023584,3.522126346415483,183.0823496584599,9.546543552670174,326.2805029485125,8,8192,1,8192,0,1,1,8191,8192,8192,0,0.009024843586172279,0.01139474777502951
agg_aic_p0_chunk_b9_isl8192_ctx8192,observed_first_batch,strict_prefix0,mix_step,context_add_norm_2,context_other,1.0698344597014926,93.88838444023584,2.0,2.139668919402985,93.88838444023584,3.522126346415483,183.0823496584599,9.546543552670174,326.2805029485125,8,8192,1,8192,0,1,1,8191,8192,8192,0,0.009024843586172279,0.01139474777502951
agg_aic_p0_chunk_b9_isl8192_ctx8192,observed_first_batch,strict_prefix0,mix_step,context_attention (scaled),attention_scaled,0.0,93.88838444023584,2.0,0.0,93.88838444023584,3.522126346415483,183.0823496584599,9.546543552670174,326.2805029485125,8,8192,1,8192,0,1,1,8191,8192,8192,0,0.0,0.0
agg_aic_p0_chunk_b9_isl8192_ctx8192,observed_first_batch,strict_prefix0,mix_step,context_embedding,context_other,0.046826435820895525,93.88838444023584,2.0,0.09365287164179105,93.88838444023584,3.522126346415483,183.0823496584599,9.546543552670174,326.2805029485125,8,8192,1,8192,0,1,1,8191,8192,8192,0,0.0003950155607246301,0.0004987457830920784
agg_aic_p0_chunk_b9_isl8192_ctx8192,observed_first_batch,strict_prefix0,mix_step,context_logits_gemm,context_other,0.6363647375022955,93.88838444023584,2.0,1.272729475004591,93.88838444023584,3.522126346415483,183.0823496584599,9.546543552670174,326.2805029485125,8,8192,1,8192,0,1,1,8191,8192,8192,0,0.005368206424493231,0.006777885691572104
agg_aic_p0_chunk_b9_isl8192_ctx8192,observed_first_batch,strict_prefix0,mix_step,context_mla_block,context_mla_block,39.20868953677592,93.88838444023584,2.0,78.41737907355184,93.88838444023584,3.522126346415483,183.0823496584599,9.546543552670174,326.2805029485125,8,8192,1,8192,0,1,1,8191,8192,8192,0,0.3307542462101332,0.41760958792228453
agg_aic_p0_chunk_b9_isl8192_ctx8192,observed_first_batch,strict_prefix0,mix_step,context_moe,context_moe,47.686654864847654,93.88838444023584,2.0,95.37330972969531,93.88838444023584,3.522126346415483,183.0823496584599,9.546543552670174,326.2805029485125,8,8192,1,8192,0,1,1,8191,8192,8192,0,0.40227214350817664,0.5079079286448085
agg_aic_p0_chunk_b9_isl8192_ctx8192,observed_first_batch,strict_prefix0,mix_step,context_moe_post_dispatch,context_other,0.0,93.88838444023584,2.0,0.0,93.88838444023584,3.522126346415483,183.0823496584599,9.546543552670174,326.2805029485125,8,8192,1,8192,0,1,1,8191,8192,8192,0,0.0,0.0
agg_aic_p0_chunk_b9_isl8192_ctx8192,observed_first_batch,strict_prefix0,mix_step,context_moe_pre_dispatch,context_other,0.0,93.88838444023584,2.0,0.0,93.88838444023584,3.522126346415483,183.0823496584599,9.546543552670174,326.2805029485125,8,8192,1,8192,0,1,1,8191,8192,8192,0,0.0,0.0
agg_aic_p0_chunk_b9_isl8192_ctx8192,observed_first_batch,strict_prefix0,mix_step,context_p2p,context_other,0.0,93.88838444023584,2.0,0.0,93.88838444023584,3.522126346415483,183.0823496584599,9.546543552670174,326.2805029485125,8,8192,1,8192,0,1,1,8191,8192,8192,0,0.0,0.0
agg_aic_p0_chunk_b9_isl8192_ctx8192,observed_first_batch,strict_prefix0,mix_step,context_router_gemm,context_other,0.3437508377683116,93.88838444023584,2.0,0.6875016755366232,93.88838444023584,3.522126346415483,183.0823496584599,9.546543552670174,326.2805029485125,8,8192,1,8192,0,1,1,8191,8192,8192,0,0.002899792127036461,0.00366127119789908
agg_aic_p0_chunk_b9_isl8192_ctx8192,observed_first_batch,strict_prefix0,mix_step,context_shared_act_gate,context_shared_ffn,0.24339309850746266,93.88838444023584,2.0,0.4867861970149253,93.88838444023584,3.522126346415483,183.0823496584599,9.546543552670174,326.2805029485125,8,8192,1,8192,0,1,1,8191,8192,8192,0,0.002053200496641852,0.0025923664568154674
agg_aic_p0_chunk_b9_isl8192_ctx8192,observed_first_batch,strict_prefix0,mix_step,context_shared_ffn2_gemm,context_shared_ffn,1.233331052547631,93.88838444023584,2.0,2.466662105095262,93.88838444023584,3.522126346415483,183.0823496584599,9.546543552670174,326.2805029485125,8,8192,1,8192,0,1,1,8191,8192,8192,0,0.010404058065504155,0.01313614096036237
agg_aic_p0_chunk_b9_isl8192_ctx8192,observed_first_batch,strict_prefix0,mix_step,context_shared_gate_up_gemm,context_shared_ffn,2.3497049570626887,93.88838444023584,2.0,4.699409914125377,93.88838444023584,3.522126346415483,183.0823496584599,9.546543552670174,326.2805029485125,8,8192,1,8192,0,1,1,8191,8192,8192,0,0.019821496231352726,0.02502657779310689
agg_aic_p0_chunk_b9_isl8192_ctx8192,observed_first_batch,strict_prefix0,mix_step,generation_attention,attention_scaled,0.0,93.88838444023584,2.0,0.0,93.88838444023584,3.522126346415483,183.0823496584599,9.546543552670174,326.2805029485125,8,8192,1,8192,0,1,1,8191,8192,8192,0,0.0,0.0
agg_aic_p0_chunk_b9_isl8192_ctx8192,observed_first_batch,strict_prefix0,genonly_step,generation_add_norm_1,generation_other,0.01825676417910448,3.5221263464154835,14.0,0.2555946985074627,93.88838444023584,3.522126346415483,183.0823496584599,9.546543552670174,326.2805029485125,8,8192,1,8192,0,1,1,8191,8192,8192,0,0.0010780650008826284,0.005183449536864184
agg_aic_p0_chunk_b9_isl8192_ctx8192,observed_first_batch,strict_prefix0,genonly_step,generation_add_norm_2,generation_other,0.01825676417910448,3.5221263464154835,14.0,0.2555946985074627,93.88838444023584,3.522126346415483,183.0823496584599,9.546543552670174,326.2805029485125,8,8192,1,8192,0,1,1,8191,8192,8192,0,0.0010780650008826284,0.005183449536864184
agg_aic_p0_chunk_b9_isl8192_ctx8192,observed_first_batch,strict_prefix0,genonly_step,generation_embedding,generation_other,0.0030106985074626865,3.5221263464154835,14.0,0.04214977910447761,93.88838444023584,3.522126346415483,183.0823496584599,9.546543552670174,326.2805029485125,8,8192,1,8192,0,1,1,8191,8192,8192,0,0.00017778225414227252,0.0008547957146757997
agg_aic_p0_chunk_b9_isl8192_ctx8192,observed_first_batch,strict_prefix0,genonly_step,generation_logits_gemm,generation_other,0.6693720568159927,3.5221263464154835,14.0,9.371208795423897,93.88838444023584,3.522126346415483,183.0823496584599,9.546543552670174,326.2805029485125,8,8192,1,8192,0,1,1,8191,8192,8192,0,0.03952653273837362,0.19004771293829983
agg_aic_p0_chunk_b9_isl8192_ctx8192,observed_first_batch,strict_prefix0,genonly_step,generation_mla_block,generation_mla_block,0.8694145548450253,3.5221263464154835,14.0,12.171803767830355,93.88838444023584,3.522126346415483,183.0823496584599,9.546543552670174,326.2805029485125,8,8192,1,8192,0,1,1,8191,8192,8192,0,0.05133907595241489,0.24684365901008645
agg_aic_p0_chunk_b9_isl8192_ctx8192,observed_first_batch,strict_prefix0,genonly_step,generation_moe_overlap,generation_moe,1.9438155078887938,3.5221263464154835,14.0,27.213417110443114,93.88838444023584,3.522126346415483,183.0823496584599,9.546543552670174,326.2805029485125,8,8192,1,8192,0,1,1,8191,8192,8192,0,0.11478263325689678,0.5518869332632095
agg_aic_p0_chunk_b9_isl8192_ctx8192,observed_first_batch,strict_prefix0,genonly_step,generation_p2p,generation_other,0.0,3.5221263464154835,14.0,0.0,93.88838444023584,3.522126346415483,183.0823496584599,9.546543552670174,326.2805029485125,8,8192,1,8192,0,1,1,8191,8192,8192,0,0.0,0.0
agg_aic_p0_dense_b36_isl1024_ctx4096,intended_case,strict_prefix0,mix_step,context_add_norm_1,context_other,0.5479612656716418,52.90918161455185,9.0,4.931651391044777,52.90918161455185,14.847356030104152,121.69111771346924,32.4143524536954,607.9064045189002,32,1024,4,1024,0,8,1,8191,1024,1024,0,0.00850117444776632,0.01035663846898236
agg_aic_p0_dense_b36_isl1024_ctx4096,intended_case,strict_prefix0,mix_step,context_add_norm_2,context_other,0.5479612656716418,52.90918161455185,9.0,4.931651391044777,52.90918161455185,14.847356030104152,121.69111771346924,32.4143524536954,607.9064045189002,32,1024,4,1024,0,8,1,8191,1024,1024,0,0.00850117444776632,0.01035663846898236
agg_aic_p0_dense_b36_isl1024_ctx4096,intended_case,strict_prefix0,mix_step,context_attention (scaled),attention_scaled,0.0,52.90918161455185,9.0,0.0,52.90918161455185,14.847356030104152,121.69111771346924,32.4143524536954,607.9064045189002,32,1024,4,1024,0,8,1,8191,1024,1024,0,0.0,0.0
agg_aic_p0_dense_b36_isl1024_ctx4096,intended_case,strict_prefix0,mix_step,context_embedding,context_other,0.02508171940298507,52.90918161455185,9.0,0.22573547462686563,52.90918161455185,14.847356030104152,121.69111771346924,32.4143524536954,607.9064045189002,32,1024,4,1024,0,8,1,8191,1024,1024,0,0.0003891225264496578,0.00047405230316559526
agg_aic_p0_dense_b36_isl1024_ctx4096,intended_case,strict_prefix0,mix_step,context_logits_gemm,context_other,0.6363647375022955,52.90918161455185,9.0,5.727282637520659,52.90918161455185,14.847356030104152,121.69111771346924,32.4143524536954,607.9064045189002,32,1024,4,1024,0,8,1,8191,1024,1024,0,0.009872682586940027,0.012027491601330558
agg_aic_p0_dense_b36_isl1024_ctx4096,intended_case,strict_prefix0,mix_step,context_mla_block,context_mla_block,15.287847796663023,52.90918161455185,9.0,137.5906301699672,52.90918161455185,14.847356030104152,121.69111771346924,32.4143524536954,607.9064045189002,32,1024,4,1024,0,8,1,8191,1024,1024,0,0.23717855474881658,0.28894508155571885
agg_aic_p0_dense_b36_isl1024_ctx4096,intended_case,strict_prefix0,mix_step,context_moe,context_moe,33.416504859924316,52.90918161455185,9.0,300.74854373931885,52.90918161455185,14.847356030104152,121.69111771346924,32.4143524536954,607.9064045189002,32,1024,4,1024,0,8,1,8191,1024,1024,0,0.518429960374386,0.6315823424253009
agg_aic_p0_dense_b36_isl1024_ctx4096,intended_case,strict_prefix0,mix_step,context_moe_post_dispatch,context_other,0.0,52.90918161455185,9.0,0.0,52.90918161455185,14.847356030104152,121.69111771346924,32.4143524536954,607.9064045189002,32,1024,4,1024,0,8,1,8191,1024,1024,0,0.0,0.0
agg_aic_p0_dense_b36_isl1024_ctx4096,intended_case,strict_prefix0,mix_step,context_moe_pre_dispatch,context_other,0.0,52.90918161455185,9.0,0.0,52.90918161455185,14.847356030104152,121.69111771346924,32.4143524536954,607.9064045189002,32,1024,4,1024,0,8,1,8191,1024,1024,0,0.0,0.0
agg_aic_p0_dense_b36_isl1024_ctx4096,intended_case,strict_prefix0,mix_step,context_p2p,context_other,0.0,52.90918161455185,9.0,0.0,52.90918161455185,14.847356030104152,121.69111771346924,32.4143524536954,607.9064045189002,32,1024,4,1024,0,8,1,8191,1024,1024,0,0.0,0.0
agg_aic_p0_dense_b36_isl1024_ctx4096,intended_case,strict_prefix0,mix_step,context_router_gemm,context_other,0.21767845956328646,52.90918161455185,9.0,1.959106136069578,52.90918161455185,14.847356030104152,121.69111771346924,32.4143524536954,607.9064045189002,32,1024,4,1024,0,8,1,8191,1024,1024,0,0.0033771046864057813,0.004114190636118578
agg_aic_p0_dense_b36_isl1024_ctx4096,intended_case,strict_prefix0,mix_step,context_shared_act_gate,context_shared_ffn,0.13156312835820896,52.90918161455185,9.0,1.1840681552238808,52.90918161455185,14.847356030104152,121.69111771346924,32.4143524536954,607.9064045189002,32,1024,4,1024,0,8,1,8191,1024,1024,0,0.0020410951925518344,0.002486584073756011
agg_aic_p0_dense_b36_isl1024_ctx4096,intended_case,strict_prefix0,mix_step,context_shared_ffn2_gemm,context_shared_ffn,0.665716313380821,52.90918161455185,9.0,5.99144682042739,52.90918161455185,14.847356030104152,121.69111771346924,32.4143524536954,607.9064045189002,32,1024,4,1024,0,8,1,8191,1024,1024,0,0.010328048472253751,0.012582245520836522
agg_aic_p0_dense_b36_isl1024_ctx4096,intended_case,strict_prefix0,mix_step,context_shared_gate_up_gemm,context_shared_ffn,1.4325020684136285,52.90918161455185,9.0,12.892518615722656,52.90918161455185,14.847356030104152,121.69111771346924,32.4143524536954,607.9064045189002,32,1024,4,1024,0,8,1,8191,1024,1024,0,0.02222410732890709,0.02707473494580837
agg_aic_p0_dense_b36_isl1024_ctx4096,intended_case,strict_prefix0,mix_step,generation_attention,attention_scaled,0.0,52.90918161455185,9.0,0.0,52.90918161455185,14.847356030104152,121.69111771346924,32.4143524536954,607.9064045189002,32,1024,4,1024,0,8,1,8191,1024,1024,0,0.0,0.0
agg_aic_p0_dense_b36_isl1024_ctx4096,intended_case,strict_prefix0,genonly_step,generation_add_norm_1,generation_other,0.0226217552238806,14.847356030104152,7.0,0.15835228656716419,52.90918161455185,14.847356030104152,121.69111771346924,32.4143524536954,607.9064045189002,32,1024,4,1024,0,8,1,8191,1024,1024,0,0.0002729674718603652,0.0015236217935377355
agg_aic_p0_dense_b36_isl1024_ctx4096,intended_case,strict_prefix0,genonly_step,generation_add_norm_2,generation_other,0.0226217552238806,14.847356030104152,7.0,0.15835228656716419,52.90918161455185,14.847356030104152,121.69111771346924,32.4143524536954,607.9064045189002,32,1024,4,1024,0,8,1,8191,1024,1024,0,0.0002729674718603652,0.0015236217935377355
agg_aic_p0_dense_b36_isl1024_ctx4096,intended_case,strict_prefix0,genonly_step,generation_embedding,generation_other,0.003192573134328358,14.847356030104152,7.0,0.022348011940298507,52.90918161455185,14.847356030104152,121.69111771346924,32.4143524536954,607.9064045189002,32,1024,4,1024,0,8,1,8191,1024,1024,0,3.852347479593319e-05,0.00021502637424839624
agg_aic_p0_dense_b36_isl1024_ctx4096,intended_case,strict_prefix0,genonly_step,generation_logits_gemm,generation_other,0.6596682580898656,14.847356030104152,7.0,4.617677806629059,52.90918161455185,14.847356030104152,121.69111771346924,32.4143524536954,607.9064045189002,32,1024,4,1024,0,8,1,8191,1024,1024,0,0.007959947178954234,0.04443001546890488
agg_aic_p0_dense_b36_isl1024_ctx4096,intended_case,strict_prefix0,genonly_step,generation_mla_block,generation_mla_block,1.260794241539142,14.847356030104152,7.0,8.825559690773995,52.90918161455185,14.847356030104152,121.69111771346924,32.4143524536954,607.9064045189002,32,1024,4,1024,0,8,1,8191,1024,1024,0,0.01521348866359137,0.08491708819959494
agg_aic_p0_dense_b36_isl1024_ctx4096,intended_case,strict_prefix0,genonly_step,generation_moe_overlap,generation_moe,12.878457446893055,14.847356030104152,7.0,90.14920212825139,52.90918161455185,14.847356030104152,121.69111771346924,32.4143524536954,607.9064045189002,32,1024,4,1024,0,8,1,8191,1024,1024,0,0.15539908092669433,0.8673906263701764
agg_aic_p0_dense_b36_isl1024_ctx4096,intended_case,strict_prefix0,genonly_step,generation_p2p,generation_other,0.0,14.847356030104152,7.0,0.0,52.90918161455185,14.847356030104152,121.69111771346924,32.4143524536954,607.9064045189002,32,1024,4,1024,0,8,1,8191,1024,1024,0,0.0,0.0
agg_aic_p0_dense_b36_isl1024_ctx4096,observed_first_batch,strict_prefix0,mix_step,context_add_norm_1,context_other,1.0698344597014926,93.88838444023584,2.0,2.139668919402985,93.88838444023584,7.988629348710229,183.0823496584599,13.715279688145271,388.8115449806389,32,1024,4,1024,0,8,1,8191,1024,1024,0,0.007141333032259522,0.01139474777502951
agg_aic_p0_dense_b36_isl1024_ctx4096,observed_first_batch,strict_prefix0,mix_step,context_add_norm_2,context_other,1.0698344597014926,93.88838444023584,2.0,2.139668919402985,93.88838444023584,7.988629348710229,183.0823496584599,13.715279688145271,388.8115449806389,32,1024,4,1024,0,8,1,8191,1024,1024,0,0.007141333032259522,0.01139474777502951
agg_aic_p0_dense_b36_isl1024_ctx4096,observed_first_batch,strict_prefix0,mix_step,context_attention (scaled),attention_scaled,0.0,93.88838444023584,2.0,0.0,93.88838444023584,7.988629348710229,183.0823496584599,13.715279688145271,388.8115449806389,32,1024,4,1024,0,8,1,8191,1024,1024,0,0.0,0.0
agg_aic_p0_dense_b36_isl1024_ctx4096,observed_first_batch,strict_prefix0,mix_step,context_embedding,context_other,0.046826435820895525,93.88838444023584,2.0,0.09365287164179105,93.88838444023584,7.988629348710229,183.0823496584599,13.715279688145271,388.8115449806389,32,1024,4,1024,0,8,1,8191,1024,1024,0,0.00031257468842800935,0.0004987457830920784
agg_aic_p0_dense_b36_isl1024_ctx4096,observed_first_batch,strict_prefix0,mix_step,context_logits_gemm,context_other,0.6363647375022955,93.88838444023584,2.0,1.272729475004591,93.88838444023584,7.988629348710229,183.0823496584599,13.715279688145271,388.8115449806389,32,1024,4,1024,0,8,1,8191,1024,1024,0,0.004247846458187855,0.006777885691572104
agg_aic_p0_dense_b36_isl1024_ctx4096,observed_first_batch,strict_prefix0,mix_step,context_mla_block,context_mla_block,39.20868953677592,93.88838444023584,2.0,78.41737907355184,93.88838444023584,7.988629348710229,183.0823496584599,13.715279688145271,388.8115449806389,32,1024,4,1024,0,8,1,8191,1024,1024,0,0.2617248932313444,0.41760958792228453
agg_aic_p0_dense_b36_isl1024_ctx4096,observed_first_batch,strict_prefix0,mix_step,context_moe,context_moe,47.686654864847654,93.88838444023584,2.0,95.37330972969531,93.88838444023584,7.988629348710229,183.0823496584599,13.715279688145271,388.8115449806389,32,1024,4,1024,0,8,1,8191,1024,1024,0,0.3183168017221241,0.5079079286448085
agg_aic_p0_dense_b36_isl1024_ctx4096,observed_first_batch,strict_prefix0,mix_step,context_moe_post_dispatch,context_other,0.0,93.88838444023584,2.0,0.0,93.88838444023584,7.988629348710229,183.0823496584599,13.715279688145271,388.8115449806389,32,1024,4,1024,0,8,1,8191,1024,1024,0,0.0,0.0
agg_aic_p0_dense_b36_isl1024_ctx4096,observed_first_batch,strict_prefix0,mix_step,context_moe_pre_dispatch,context_other,0.0,93.88838444023584,2.0,0.0,93.88838444023584,7.988629348710229,183.0823496584599,13.715279688145271,388.8115449806389,32,1024,4,1024,0,8,1,8191,1024,1024,0,0.0,0.0
agg_aic_p0_dense_b36_isl1024_ctx4096,observed_first_batch,strict_prefix0,mix_step,context_p2p,context_other,0.0,93.88838444023584,2.0,0.0,93.88838444023584,7.988629348710229,183.0823496584599,13.715279688145271,388.8115449806389,32,1024,4,1024,0,8,1,8191,1024,1024,0,0.0,0.0
agg_aic_p0_dense_b36_isl1024_ctx4096,observed_first_batch,strict_prefix0,mix_step,context_router_gemm,context_other,0.3437508377683116,93.88838444023584,2.0,0.6875016755366232,93.88838444023584,7.988629348710229,183.0823496584599,13.715279688145271,388.8115449806389,32,1024,4,1024,0,8,1,8191,1024,1024,0,0.002294597253211195,0.00366127119789908
agg_aic_p0_dense_b36_isl1024_ctx4096,observed_first_batch,strict_prefix0,mix_step,context_shared_act_gate,context_shared_ffn,0.24339309850746266,93.88838444023584,2.0,0.4867861970149253,93.88838444023584,7.988629348710229,183.0823496584599,13.715279688145271,388.8115449806389,32,1024,4,1024,0,8,1,8191,1024,1024,0,0.0016246917066779858,0.0025923664568154674
agg_aic_p0_dense_b36_isl1024_ctx4096,observed_first_batch,strict_prefix0,mix_step,context_shared_ffn2_gemm,context_shared_ffn,1.233331052547631,93.88838444023584,2.0,2.466662105095262,93.88838444023584,7.988629348710229,183.0823496584599,13.715279688145271,388.8115449806389,32,1024,4,1024,0,8,1,8191,1024,1024,0,0.008232701522558289,0.01313614096036237
agg_aic_p0_dense_b36_isl1024_ctx4096,observed_first_batch,strict_prefix0,mix_step,context_shared_gate_up_gemm,context_shared_ffn,2.3497049570626887,93.88838444023584,2.0,4.699409914125377,93.88838444023584,7.988629348710229,183.0823496584599,13.715279688145271,388.8115449806389,32,1024,4,1024,0,8,1,8191,1024,1024,0,0.01568469352783581,0.02502657779310689
agg_aic_p0_dense_b36_isl1024_ctx4096,observed_first_batch,strict_prefix0,mix_step,generation_attention,attention_scaled,0.0,93.88838444023584,2.0,0.0,93.88838444023584,7.988629348710229,183.0823496584599,13.715279688145271,388.8115449806389,32,1024,4,1024,0,8,1,8191,1024,1024,0,0.0,0.0
agg_aic_p0_dense_b36_isl1024_ctx4096,observed_first_batch,strict_prefix0,genonly_step,generation_add_norm_1,generation_other,0.01915543880597015,7.988629348710229,14.0,0.2681761432835821,93.88838444023584,7.988629348710229,183.0823496584599,13.715279688145271,388.8115449806389,32,1024,4,1024,0,8,1,8191,1024,1024,0,0.0008950614429775296,0.002397837973176564
agg_aic_p0_dense_b36_isl1024_ctx4096,observed_first_batch,strict_prefix0,genonly_step,generation_add_norm_2,generation_other,0.01915543880597015,7.988629348710229,14.0,0.2681761432835821,93.88838444023584,7.988629348710229,183.0823496584599,13.715279688145271,388.8115449806389,32,1024,4,1024,0,8,1,8191,1024,1024,0,0.0008950614429775296,0.002397837973176564
agg_aic_p0_dense_b36_isl1024_ctx4096,observed_first_batch,strict_prefix0,genonly_step,generation_embedding,generation_other,0.00304814328358209,7.988629348710229,14.0,0.042674005970149254,93.88838444023584,7.988629348710229,183.0823496584599,13.715279688145271,388.8115449806389,32,1024,4,1024,0,8,1,8191,1024,1024,0,0.0001424282447111017,0.0003815602339936093
agg_aic_p0_dense_b36_isl1024_ctx4096,observed_first_batch,strict_prefix0,genonly_step,generation_logits_gemm,generation_other,0.6548326268666912,7.988629348710229,14.0,9.167656776133677,93.88838444023584,7.988629348710229,183.0823496584599,13.715279688145271,388.8115449806389,32,1024,4,1024,0,8,1,8191,1024,1024,0,0.03059786005682068,0.08197058572662587
agg_aic_p0_dense_b36_isl1024_ctx4096,observed_first_batch,strict_prefix0,genonly_step,generation_mla_block,generation_mla_block,0.754801022133127,7.988629348710229,14.0,10.567214309863779,93.88838444023584,7.988629348710229,183.0823496584599,13.715279688145271,388.8115449806389,32,1024,4,1024,0,8,1,8191,1024,1024,0,0.03526900630544834,0.09448442144270848
agg_aic_p0_dense_b36_isl1024_ctx4096,observed_first_batch,strict_prefix0,genonly_step,generation_moe_overlap,generation_moe,6.537636678814889,7.988629348710229,14.0,91.52691350340844,93.88838444023584,7.988629348710229,183.0823496584599,13.715279688145271,388.8115449806389,32,1024,4,1024,0,8,1,8191,1024,1024,0,0.30547911633217834,0.8183677566503189
agg_aic_p0_dense_b36_isl1024_ctx4096,observed_first_batch,strict_prefix0,genonly_step,generation_p2p,generation_other,0.0,7.988629348710229,14.0,0.0,93.88838444023584,7.988629348710229,183.0823496584599,13.715279688145271,388.8115449806389,32,1024,4,1024,0,8,1,8191,1024,1024,0,0.0,0.0
agg_aic_p0_dense_prefill_b40_isl512_ctx4096,intended_case,strict_prefix0,mix_step,context_add_norm_1,context_other,0.5479612656716418,52.90918161455185,5.0,2.7398063283582093,52.90918161455185,15.837872628805815,111.10928139055888,21.541150934305204,434.2265454051369,32,512,8,512,0,16,5,8187,2560,512,0,0.0062443948257023835,0.01035663846898236
agg_aic_p0_dense_prefill_b40_isl512_ctx4096,intended_case,strict_prefix0,mix_step,context_add_norm_2,context_other,0.5479612656716418,52.90918161455185,5.0,2.7398063283582093,52.90918161455185,15.837872628805815,111.10928139055888,21.541150934305204,434.2265454051369,32,512,8,512,0,16,5,8187,2560,512,0,0.0062443948257023835,0.01035663846898236
agg_aic_p0_dense_prefill_b40_isl512_ctx4096,intended_case,strict_prefix0,mix_step,context_attention (scaled),attention_scaled,0.0,52.90918161455185,5.0,0.0,52.90918161455185,15.837872628805815,111.10928139055888,21.541150934305204,434.2265454051369,32,512,8,512,0,16,5,8187,2560,512,0,0.0,0.0
agg_aic_p0_dense_prefill_b40_isl512_ctx4096,intended_case,strict_prefix0,mix_step,context_embedding,context_other,0.02508171940298507,52.90918161455185,5.0,0.12540859701492535,52.90918161455185,15.837872628805815,111.10928139055888,21.541150934305204,434.2265454051369,32,512,8,512,0,16,5,8187,2560,512,0,0.0002858234124774277,0.00047405230316559526
agg_aic_p0_dense_prefill_b40_isl512_ctx4096,intended_case,strict_prefix0,mix_step,context_logits_gemm,context_other,0.6363647375022955,52.90918161455185,5.0,3.1818236875114776,52.90918161455185,15.837872628805815,111.10928139055888,21.541150934305204,434.2265454051369,32,512,8,512,0,16,5,8187,2560,512,0,0.007251813080707755,0.012027491601330558
agg_aic_p0_dense_prefill_b40_isl512_ctx4096,intended_case,strict_prefix0,mix_step,context_mla_block,context_mla_block,15.287847796663023,52.90918161455185,5.0,76.43923898331511,52.90918161455185,15.837872628805815,111.10928139055888,21.541150934305204,434.2265454051369,32,512,8,512,0,16,5,8187,2560,512,0,0.1742155215307011,0.28894508155571885
agg_aic_p0_dense_prefill_b40_isl512_ctx4096,intended_case,strict_prefix0,mix_step,context_moe,context_moe,33.416504859924316,52.90918161455185,5.0,167.08252429962158,52.90918161455185,15.837872628805815,111.10928139055888,21.541150934305204,434.2265454051369,32,512,8,512,0,16,5,8187,2560,512,0,0.38080401501483147,0.6315823424253009
agg_aic_p0_dense_prefill_b40_isl512_ctx4096,intended_case,strict_prefix0,mix_step,context_moe_post_dispatch,context_other,0.0,52.90918161455185,5.0,0.0,52.90918161455185,15.837872628805815,111.10928139055888,21.541150934305204,434.2265454051369,32,512,8,512,0,16,5,8187,2560,512,0,0.0,0.0
agg_aic_p0_dense_prefill_b40_isl512_ctx4096,intended_case,strict_prefix0,mix_step,context_moe_pre_dispatch,context_other,0.0,52.90918161455185,5.0,0.0,52.90918161455185,15.837872628805815,111.10928139055888,21.541150934305204,434.2265454051369,32,512,8,512,0,16,5,8187,2560,512,0,0.0,0.0
agg_aic_p0_dense_prefill_b40_isl512_ctx4096,intended_case,strict_prefix0,mix_step,context_p2p,context_other,0.0,52.90918161455185,5.0,0.0,52.90918161455185,15.837872628805815,111.10928139055888,21.541150934305204,434.2265454051369,32,512,8,512,0,16,5,8187,2560,512,0,0.0,0.0
agg_aic_p0_dense_prefill_b40_isl512_ctx4096,intended_case,strict_prefix0,mix_step,context_router_gemm,context_other,0.21767845956328646,52.90918161455185,5.0,1.0883922978164322,52.90918161455185,15.837872628805815,111.10928139055888,21.541150934305204,434.2265454051369,32,512,8,512,0,16,5,8187,2560,512,0,0.0024805954940953345,0.004114190636118578
agg_aic_p0_dense_prefill_b40_isl512_ctx4096,intended_case,strict_prefix0,mix_step,context_shared_act_gate,context_shared_ffn,0.13156312835820896,52.90918161455185,5.0,0.6578156417910448,52.90918161455185,15.837872628805815,111.10928139055888,21.541150934305204,434.2265454051369,32,512,8,512,0,16,5,8187,2560,512,0,0.0014992521724437183,0.002486584073756011
agg_aic_p0_dense_prefill_b40_isl512_ctx4096,intended_case,strict_prefix0,mix_step,context_shared_ffn2_gemm,context_shared_ffn,0.665716313380821,52.90918161455185,5.0,3.3285815669041052,52.90918161455185,15.837872628805815,111.10928139055888,21.541150934305204,434.2265454051369,32,512,8,512,0,16,5,8187,2560,512,0,0.007586294439198348,0.012582245520836522
agg_aic_p0_dense_prefill_b40_isl512_ctx4096,intended_case,strict_prefix0,mix_step,context_shared_gate_up_gemm,context_shared_ffn,1.4325020684136285,52.90918161455185,5.0,7.162510342068142,52.90918161455185,15.837872628805815,111.10928139055888,21.541150934305204,434.2265454051369,32,512,8,512,0,16,5,8187,2560,512,0,0.016324344555350843,0.02707473494580837
agg_aic_p0_dense_prefill_b40_isl512_ctx4096,intended_case,strict_prefix0,mix_step,generation_attention,attention_scaled,0.0,52.90918161455185,5.0,0.0,52.90918161455185,15.837872628805815,111.10928139055888,21.541150934305204,434.2265454051369,32,512,8,512,0,16,5,8187,2560,512,0,0.0,0.0
agg_aic_p0_dense_prefill_b40_isl512_ctx4096,intended_case,strict_prefix0,genonly_step,generation_add_norm_1,generation_other,0.02313528358208955,15.837872628805815,11.0,0.25448811940298505,52.90918161455185,15.837872628805815,111.10928139055888,21.541150934305204,434.2265454051369,32,512,8,512,0,16,5,8187,2560,512,0,0.0005800133679357514,0.001460757017328909
agg_aic_p0_dense_prefill_b40_isl512_ctx4096,intended_case,strict_prefix0,genonly_step,generation_add_norm_2,generation_other,0.02313528358208955,15.837872628805815,11.0,0.25448811940298505,52.90918161455185,15.837872628805815,111.10928139055888,21.541150934305204,434.2265454051369,32,512,8,512,0,16,5,8187,2560,512,0,0.0005800133679357514,0.001460757017328909
agg_aic_p0_dense_prefill_b40_isl512_ctx4096,intended_case,strict_prefix0,genonly_step,generation_embedding,generation_other,0.0032139701492537314,15.837872628805815,11.0,0.03535367164179105,52.90918161455185,15.837872628805815,111.10928139055888,21.541150934305204,434.2265454051369,32,512,8,512,0,16,5,8187,2560,512,0,8.057587209161234e-05,0.00020292941006535084
agg_aic_p0_dense_prefill_b40_isl512_ctx4096,intended_case,strict_prefix0,genonly_step,generation_logits_gemm,generation_other,0.641289437266891,15.837872628805815,11.0,7.054183809935801,52.90918161455185,15.837872628805815,111.10928139055888,21.541150934305204,434.2265454051369,32,512,8,512,0,16,5,8187,2560,512,0,0.016077453514282688,0.040490882348713814
agg_aic_p0_dense_prefill_b40_isl512_ctx4096,intended_case,strict_prefix0,genonly_step,generation_mla_block,generation_mla_block,1.0393392360028504,15.837872628805815,11.0,11.432731596031354,52.90918161455185,15.837872628805815,111.10928139055888,21.541150934305204,434.2265454051369,32,512,8,512,0,16,5,8187,2560,512,0,0.026056765138097224,0.06562366426110204
agg_aic_p0_dense_prefill_b40_isl512_ctx4096,intended_case,strict_prefix0,genonly_step,generation_moe_overlap,generation_moe,14.10775941822264,15.837872628805815,11.0,155.18535360044905,52.90918161455185,15.837872628805815,111.10928139055888,21.541150934305204,434.2265454051369,32,512,8,512,0,16,5,8187,2560,512,0,0.3536887293884461,0.8907610099454609
agg_aic_p0_dense_prefill_b40_isl512_ctx4096,intended_case,strict_prefix0,genonly_step,generation_p2p,generation_other,0.0,15.837872628805815,11.0,0.0,52.90918161455185,15.837872628805815,111.10928139055888,21.541150934305204,434.2265454051369,32,512,8,512,0,16,5,8187,2560,512,0,0.0,0.0
agg_aic_p0_dense_prefill_b40_isl512_ctx4096,observed_first_batch,strict_prefix0,mix_step,context_add_norm_1,context_other,1.0703479880597013,93.95002790284128,2.0,2.1406959761194027,93.95002790284128,11.35341112626804,183.2025544105405,16.859852244706257,436.1003380811344,32,512,8,512,0,16,5,8187,2560,512,0,0.006171859543839651,0.011392737308887286
agg_aic_p0_dense_prefill_b40_isl512_ctx4096,observed_first_batch,strict_prefix0,mix_step,context_add_norm_2,context_other,1.0703479880597013,93.95002790284128,2.0,2.1406959761194027,93.95002790284128,11.35341112626804,183.2025544105405,16.859852244706257,436.1003380811344,32,512,8,512,0,16,5,8187,2560,512,0,0.006171859543839651,0.011392737308887286
agg_aic_p0_dense_prefill_b40_isl512_ctx4096,observed_first_batch,strict_prefix0,mix_step,context_attention (scaled),attention_scaled,0.0,93.95002790284128,2.0,0.0,93.95002790284128,11.35341112626804,183.2025544105405,16.859852244706257,436.1003380811344,32,512,8,512,0,16,5,8187,2560,512,0,0.0,0.0
agg_aic_p0_dense_prefill_b40_isl512_ctx4096,observed_first_batch,strict_prefix0,mix_step,context_embedding,context_other,0.04684783283582089,93.95002790284128,2.0,0.09369566567164178,93.95002790284128,11.35341112626804,183.2025544105405,16.859852244706257,436.1003380811344,32,512,8,512,0,16,5,8187,2560,512,0,0.00027013480421456945,0.0004986462897517042
agg_aic_p0_dense_prefill_b40_isl512_ctx4096,observed_first_batch,strict_prefix0,mix_step,context_logits_gemm,context_other,0.6363647375022955,93.95002790284128,2.0,1.272729475004591,93.95002790284128,11.35341112626804,183.2025544105405,16.859852244706257,436.1003380811344,32,512,8,512,0,16,5,8187,2560,512,0,0.003669417630836419,0.00677343851521145
agg_aic_p0_dense_prefill_b40_isl512_ctx4096,observed_first_batch,strict_prefix0,mix_step,context_mla_block,context_mla_block,39.25132491162699,93.95002790284128,2.0,78.50264982325398,93.95002790284128,11.35341112626804,183.2025544105405,16.859852244706257,436.1003380811344,32,512,8,512,0,16,5,8187,2560,512,0,0.22633168555146924,0.4177893906771254
agg_aic_p0_dense_prefill_b40_isl512_ctx4096,observed_first_batch,strict_prefix0,mix_step,context_moe,context_moe,47.70272256642579,93.95002790284128,2.0,95.40544513285158,93.95002790284128,11.35341112626804,183.2025544105405,16.859852244706257,436.1003380811344,32,512,8,512,0,16,5,8187,2560,512,0,0.27506428453463716,0.5077456987640037
agg_aic_p0_dense_prefill_b40_isl512_ctx4096,observed_first_batch,strict_prefix0,mix_step,context_moe_post_dispatch,context_other,0.0,93.95002790284128,2.0,0.0,93.95002790284128,11.35341112626804,183.2025544105405,16.859852244706257,436.1003380811344,32,512,8,512,0,16,5,8187,2560,512,0,0.0,0.0
agg_aic_p0_dense_prefill_b40_isl512_ctx4096,observed_first_batch,strict_prefix0,mix_step,context_moe_pre_dispatch,context_other,0.0,93.95002790284128,2.0,0.0,93.95002790284128,11.35341112626804,183.2025544105405,16.859852244706257,436.1003380811344,32,512,8,512,0,16,5,8187,2560,512,0,0.0,0.0
agg_aic_p0_dense_prefill_b40_isl512_ctx4096,observed_first_batch,strict_prefix0,mix_step,context_p2p,context_other,0.0,93.95002790284128,2.0,0.0,93.95002790284128,11.35341112626804,183.2025544105405,16.859852244706257,436.1003380811344,32,512,8,512,0,16,5,8187,2560,512,0,0.0,0.0
agg_aic_p0_dense_prefill_b40_isl512_ctx4096,observed_first_batch,strict_prefix0,mix_step,context_router_gemm,context_other,0.34386354349650594,93.95002790284128,2.0,0.6877270869930119,93.95002790284128,11.35341112626804,183.2025544105405,16.859852244706257,436.1003380811344,32,512,8,512,0,16,5,8187,2560,512,0,0.001982792060509816,0.0036600685616838082
agg_aic_p0_dense_prefill_b40_isl512_ctx4096,observed_first_batch,strict_prefix0,mix_step,context_shared_act_gate,context_shared_ffn,0.24350314029850745,93.95002790284128,2.0,0.4870062805970149,93.95002790284128,11.35341112626804,183.2025544105405,16.859852244706257,436.1003380811344,32,512,8,512,0,16,5,8187,2560,512,0,0.0014040921244039772,0.0025918368065875083
agg_aic_p0_dense_prefill_b40_isl512_ctx4096,observed_first_batch,strict_prefix0,mix_step,context_shared_ffn2_gemm,context_shared_ffn,1.2338765863872443,93.95002790284128,2.0,2.4677531727744886,93.95002790284128,11.35341112626804,183.2025544105405,16.859852244706257,436.1003380811344,32,512,8,512,0,16,5,8187,2560,512,0,0.007114801046544912,0.013133328578286977
agg_aic_p0_dense_prefill_b40_isl512_ctx4096,observed_first_batch,strict_prefix0,mix_step,context_shared_gate_up_gemm,context_shared_ffn,2.3508286081487313,93.95002790284128,2.0,4.701657216297463,93.95002790284128,11.35341112626804,183.2025544105405,16.859852244706257,436.1003380811344,32,512,8,512,0,16,5,8187,2560,512,0,0.013555389595710397,0.025022117189574953
agg_aic_p0_dense_prefill_b40_isl512_ctx4096,observed_first_batch,strict_prefix0,mix_step,generation_attention,attention_scaled,0.0,93.95002790284128,2.0,0.0,93.95002790284128,11.35341112626804,183.2025544105405,16.859852244706257,436.1003380811344,32,512,8,512,0,16,5,8187,2560,512,0,0.0,0.0
agg_aic_p0_dense_prefill_b40_isl512_ctx4096,observed_first_batch,strict_prefix0,genonly_step,generation_add_norm_1,generation_other,0.020696023880597016,11.35341112626804,14.0,0.2897443343283582,93.95002790284128,11.35341112626804,183.2025544105405,16.859852244706257,436.1003380811344,32,512,8,512,0,16,5,8187,2560,512,0,0.0008353644585905456,0.0018228903763304455
agg_aic_p0_dense_prefill_b40_isl512_ctx4096,observed_first_batch,strict_prefix0,genonly_step,generation_add_norm_2,generation_other,0.020696023880597016,11.35341112626804,14.0,0.2897443343283582,93.95002790284128,11.35341112626804,183.2025544105405,16.859852244706257,436.1003380811344,32,512,8,512,0,16,5,8187,2560,512,0,0.0008353644585905456,0.0018228903763304455
agg_aic_p0_dense_prefill_b40_isl512_ctx4096,observed_first_batch,strict_prefix0,genonly_step,generation_embedding,generation_other,0.003112334328358209,11.35341112626804,14.0,0.043572680597014926,93.95002790284128,11.35341112626804,183.2025544105405,16.859852244706257,436.1003380811344,32,512,8,512,0,16,5,8187,2560,512,0,0.00012562478165669398,0.00027413209067689764
agg_aic_p0_dense_prefill_b40_isl512_ctx4096,observed_first_batch,strict_prefix0,genonly_step,generation_logits_gemm,generation_other,0.6438573530009144,11.35341112626804,14.0,9.014002942012802,93.95002790284128,11.35341112626804,183.2025544105405,16.859852244706257,436.1003380811344,32,512,8,512,0,16,5,8187,2560,512,0,0.025988351782073572,0.056710476335278766
agg_aic_p0_dense_prefill_b40_isl512_ctx4096,observed_first_batch,strict_prefix0,genonly_step,generation_mla_block,generation_mla_block,0.8408168206485891,11.35341112626804,14.0,11.771435489080247,93.95002790284128,11.35341112626804,183.2025544105405,16.859852244706257,436.1003380811344,32,512,8,512,0,16,5,8187,2560,512,0,0.033938330000355156,0.07405851961999481
agg_aic_p0_dense_prefill_b40_isl512_ctx4096,observed_first_batch,strict_prefix0,genonly_step,generation_moe_overlap,generation_moe,9.824232570528984,11.35341112626804,14.0,137.5392559874058,93.95002790284128,11.35341112626804,183.2025544105405,16.859852244706257,436.1003380811344,32,512,8,512,0,16,5,8187,2560,512,0,0.3965406480827277,0.8653110912013886
agg_aic_p0_dense_prefill_b40_isl512_ctx4096,observed_first_batch,strict_prefix0,genonly_step,generation_p2p,generation_other,0.0,11.35341112626804,14.0,0.0,93.95002790284128,11.35341112626804,183.2025544105405,16.859852244706257,436.1003380811344,32,512,8,512,0,16,5,8187,2560,512,0,0.0,0.0
agg_aic_p0_longctx_b8_isl4096_ctx8192,intended_case,strict_prefix0,mix_step,context_add_norm_1,context_other,1.0704763701492537,93.9654290561635,4.0,4.281905480597015,93.9654290561635,7.980192697715551,192.6291295651352,14.594441648365391,411.54575429061606,6,4096,2,4096,0,2,2,8190,8192,4096,0,0.009079065571219428,0.011392236282020548
agg_aic_p0_longctx_b8_isl4096_ctx8192,intended_case,strict_prefix0,mix_step,context_add_norm_2,context_other,1.0704763701492537,93.9654290561635,4.0,4.281905480597015,93.9654290561635,7.980192697715551,192.6291295651352,14.594441648365391,411.54575429061606,6,4096,2,4096,0,2,2,8190,8192,4096,0,0.009079065571219428,0.011392236282020548
agg_aic_p0_longctx_b8_isl4096_ctx8192,intended_case,strict_prefix0,mix_step,context_attention (scaled),attention_scaled,0.0,93.9654290561635,4.0,0.0,93.9654290561635,7.980192697715551,192.6291295651352,14.594441648365391,411.54575429061606,6,4096,2,4096,0,2,2,8190,8192,4096,0,0.0,0.0
agg_aic_p0_longctx_b8_isl4096_ctx8192,intended_case,strict_prefix0,mix_step,context_embedding,context_other,0.04685318208955224,93.9654290561635,4.0,0.18741272835820896,93.9654290561635,7.980192697715551,192.6291295651352,14.594441648365391,411.54575429061606,6,4096,2,4096,0,2,2,8190,8192,4096,0,0.0003973773959643952,0.0004986214883512947
agg_aic_p0_longctx_b8_isl4096_ctx8192,intended_case,strict_prefix0,mix_step,context_logits_gemm,context_other,0.6363647375022955,93.9654290561635,4.0,2.545458950009182,93.9654290561635,7.980192697715551,192.6291295651352,14.594441648365391,411.54575429061606,6,4096,2,4096,0,2,2,8190,8192,4096,0,0.005397220658116559,0.006772328332816294
agg_aic_p0_longctx_b8_isl4096_ctx8192,intended_case,strict_prefix0,mix_step,context_mla_block,context_mla_block,39.26197404301061,93.9654290561635,4.0,157.04789617204244,93.9654290561635,7.980192697715551,192.6291295651352,14.594441648365391,411.54575429061606,6,4096,2,4096,0,2,2,8190,8192,4096,0,0.3329938396886873,0.4178342443319615
agg_aic_p0_longctx_b8_isl4096_ctx8192,intended_case,strict_prefix0,mix_step,context_moe,context_moe,47.70673949182033,93.9654290561635,4.0,190.82695796728132,93.9654290561635,7.980192697715551,192.6291295651352,14.594441648365391,411.54575429061606,6,4096,2,4096,0,2,2,8190,8192,4096,0,0.4046166997361461,0.5077052270288238
agg_aic_p0_longctx_b8_isl4096_ctx8192,intended_case,strict_prefix0,mix_step,context_moe_post_dispatch,context_other,0.0,93.9654290561635,4.0,0.0,93.9654290561635,7.980192697715551,192.6291295651352,14.594441648365391,411.54575429061606,6,4096,2,4096,0,2,2,8190,8192,4096,0,0.0,0.0
agg_aic_p0_longctx_b8_isl4096_ctx8192,intended_case,strict_prefix0,mix_step,context_moe_pre_dispatch,context_other,0.0,93.9654290561635,4.0,0.0,93.9654290561635,7.980192697715551,192.6291295651352,14.594441648365391,411.54575429061606,6,4096,2,4096,0,2,2,8190,8192,4096,0,0.0,0.0
agg_aic_p0_longctx_b8_isl4096_ctx8192,intended_case,strict_prefix0,mix_step,context_p2p,context_other,0.0,93.9654290561635,4.0,0.0,93.9654290561635,7.980192697715551,192.6291295651352,14.594441648365391,411.54575429061606,6,4096,2,4096,0,2,2,8190,8192,4096,0,0.0,0.0
agg_aic_p0_longctx_b8_isl4096_ctx8192,intended_case,strict_prefix0,mix_step,context_router_gemm,context_other,0.3438917199285545,93.9654290561635,4.0,1.375566879714218,93.9654290561635,7.980192697715551,192.6291295651352,14.594441648365391,411.54575429061606,6,4096,2,4096,0,2,2,8190,8192,4096,0,0.0029166598737676488,0.0036597685274550183
agg_aic_p0_longctx_b8_isl4096_ctx8192,intended_case,strict_prefix0,mix_step,context_shared_act_gate,context_shared_ffn,0.24353065074626865,93.9654290561635,4.0,0.9741226029850746,93.9654290561635,7.980192697715551,192.6291295651352,14.594441648365391,411.54575429061606,6,4096,2,4096,0,2,2,8190,8192,4096,0,0.0020654643188609875,0.0025917047704928737
agg_aic_p0_longctx_b8_isl4096_ctx8192,intended_case,strict_prefix0,mix_step,context_shared_ffn2_gemm,context_shared_ffn,1.2340129698471476,93.9654290561635,4.0,4.93605187938859,93.9654290561635,7.980192697715551,192.6291295651352,14.594441648365391,411.54575429061606,6,4096,2,4096,0,2,2,8190,8192,4096,0,0.010466073779298254,0.01313262741672337
agg_aic_p0_longctx_b8_isl4096_ctx8192,intended_case,strict_prefix0,mix_step,context_shared_gate_up_gemm,context_shared_ffn,2.3511095209202417,93.9654290561635,4.0,9.404438083680967,93.9654290561635,7.980192697715551,192.6291295651352,14.594441648365391,411.54575429061606,6,4096,2,4096,0,2,2,8190,8192,4096,0,0.019940540586222348,0.02502100553933484
agg_aic_p0_longctx_b8_isl4096_ctx8192,intended_case,strict_prefix0,mix_step,generation_attention,attention_scaled,0.0,93.9654290561635,4.0,0.0,93.9654290561635,7.980192697715551,192.6291295651352,14.594441648365391,411.54575429061606,6,4096,2,4096,0,2,2,8190,8192,4096,0,0.0,0.0
agg_aic_p0_longctx_b8_isl4096_ctx8192,intended_case,strict_prefix0,genonly_step,generation_add_norm_1,generation_other,0.019027056716417908,7.980192697715551,12.0,0.22832468059701488,93.9654290561635,7.980192697715551,192.6291295651352,14.594441648365391,411.54575429061606,6,4096,2,4096,0,2,2,8190,8192,4096,0,0.0004841243591343826,0.0023842853721896574
agg_aic_p0_longctx_b8_isl4096_ctx8192,intended_case,strict_prefix0,genonly_step,generation_add_norm_2,generation_other,0.019027056716417908,7.980192697715551,12.0,0.22832468059701488,93.9654290561635,7.980192697715551,192.6291295651352,14.594441648365391,411.54575429061606,6,4096,2,4096,0,2,2,8190,8192,4096,0,0.0004841243591343826,0.0023842853721896574
agg_aic_p0_longctx_b8_isl4096_ctx8192,intended_case,strict_prefix0,genonly_step,generation_embedding,generation_other,0.0030427940298507466,7.980192697715551,12.0,0.03651352835820896,93.9654290561635,7.980192697715551,192.6291295651352,14.594441648365391,411.54575429061606,6,4096,2,4096,0,2,2,8190,8192,4096,0,7.742083978802302e-05,0.00038129330269453165
agg_aic_p0_longctx_b8_isl4096_ctx8192,intended_case,strict_prefix0,genonly_step,generation_logits_gemm,generation_other,0.6416549181844626,7.980192697715551,12.0,7.699859018213552,93.9654290561635,7.980192697715551,192.6291295651352,14.594441648365391,411.54575429061606,6,4096,2,4096,0,2,2,8190,8192,4096,0,0.01632626531161988,0.08040594287505688
agg_aic_p0_longctx_b8_isl4096_ctx8192,intended_case,strict_prefix0,genonly_step,generation_mla_block,generation_mla_block,1.102796176548,7.980192697715551,12.0,13.233554118576002,93.9654290561635,7.980192697715551,192.6291295651352,14.594441648365391,411.54575429061606,6,4096,2,4096,0,2,2,8190,8192,4096,0,0.028059541745438173,0.13819167259754164
agg_aic_p0_longctx_b8_isl4096_ctx8192,intended_case,strict_prefix0,genonly_step,generation_moe_overlap,generation_moe,6.1946446955204015,7.980192697715551,12.0,74.33573634624481,93.9654290561635,7.980192697715551,192.6291295651352,14.594441648365391,411.54575429061606,6,4096,2,4096,0,2,2,8190,8192,4096,0,0.1576165162053826,0.7762525204803277
agg_aic_p0_longctx_b8_isl4096_ctx8192,intended_case,strict_prefix0,genonly_step,generation_p2p,generation_other,0.0,7.980192697715551,12.0,0.0,93.9654290561635,7.980192697715551,192.6291295651352,14.594441648365391,411.54575429061606,6,4096,2,4096,0,2,2,8190,8192,4096,0,0.0,0.0
agg_aic_p0_longctx_b8_isl4096_ctx8192,observed_first_batch,strict_prefix0,mix_step,context_add_norm_1,context_other,1.0699628417910447,93.90380113708599,2.0,2.1399256835820895,93.903801137086,5.182509331865964,183.11241221731768,11.097262118880632,349.5713440005272,6,4096,2,4096,0,2,2,8190,8192,4096,0,0.008219016829252527,0.011394244203480682
agg_aic_p0_longctx_b8_isl4096_ctx8192,observed_first_batch,strict_prefix0,mix_step,context_add_norm_2,context_other,1.0699628417910447,93.90380113708599,2.0,2.1399256835820895,93.903801137086,5.182509331865964,183.11241221731768,11.097262118880632,349.5713440005272,6,4096,2,4096,0,2,2,8190,8192,4096,0,0.008219016829252527,0.011394244203480682
agg_aic_p0_longctx_b8_isl4096_ctx8192,observed_first_batch,strict_prefix0,mix_step,context_attention (scaled),attention_scaled,0.0,93.90380113708599,2.0,0.0,93.903801137086,5.182509331865964,183.11241221731768,11.097262118880632,349.5713440005272,6,4096,2,4096,0,2,2,8190,8192,4096,0,0.0,0.0
agg_aic_p0_longctx_b8_isl4096_ctx8192,observed_first_batch,strict_prefix0,mix_step,context_embedding,context_other,0.04683178507462686,93.90380113708599,2.0,0.09366357014925372,93.903801137086,5.182509331865964,183.11241221731768,11.097262118880632,349.5713440005272,6,4096,2,4096,0,2,2,8190,8192,4096,0,0.00035974261407805563,0.0004987208665414855
agg_aic_p0_longctx_b8_isl4096_ctx8192,observed_first_batch,strict_prefix0,mix_step,context_logits_gemm,context_other,0.6363647375022955,93.90380113708599,2.0,1.272729475004591,93.903801137086,5.182509331865964,183.11241221731768,11.097262118880632,349.5713440005272,6,4096,2,4096,0,2,2,8190,8192,4096,0,0.004888293576923738,0.006776772929279986
agg_aic_p0_longctx_b8_isl4096_ctx8192,observed_first_batch,strict_prefix0,mix_step,context_mla_block,context_mla_block,39.219354211687474,93.90380113708599,2.0,78.43870842337495,93.903801137086,5.182509331865964,183.11241221731768,11.097262118880632,349.5713440005272,6,4096,2,4096,0,2,2,8190,8192,4096,0,0.30126703443148795,0.4176545969042603
agg_aic_p0_longctx_b8_isl4096_ctx8192,observed_first_batch,strict_prefix0,mix_step,context_moe,context_moe,47.69067179024219,93.90380113708599,2.0,95.38134358048438,93.903801137086,5.182509331865964,183.11241221731768,11.097262118880632,349.5713440005272,6,4096,2,4096,0,2,2,8190,8192,4096,0,0.3663402304571882,0.5078673196692081
agg_aic_p0_longctx_b8_isl4096_ctx8192,observed_first_batch,strict_prefix0,mix_step,context_moe_post_dispatch,context_other,0.0,93.90380113708599,2.0,0.0,93.903801137086,5.182509331865964,183.11241221731768,11.097262118880632,349.5713440005272,6,4096,2,4096,0,2,2,8190,8192,4096,0,0.0,0.0
agg_aic_p0_longctx_b8_isl4096_ctx8192,observed_first_batch,strict_prefix0,mix_step,context_moe_pre_dispatch,context_other,0.0,93.90380113708599,2.0,0.0,93.903801137086,5.182509331865964,183.11241221731768,11.097262118880632,349.5713440005272,6,4096,2,4096,0,2,2,8190,8192,4096,0,0.0,0.0
agg_aic_p0_longctx_b8_isl4096_ctx8192,observed_first_batch,strict_prefix0,mix_step,context_p2p,context_other,0.0,93.90380113708599,2.0,0.0,93.903801137086,5.182509331865964,183.11241221731768,11.097262118880632,349.5713440005272,6,4096,2,4096,0,2,2,8190,8192,4096,0,0.0,0.0
agg_aic_p0_longctx_b8_isl4096_ctx8192,observed_first_batch,strict_prefix0,mix_step,context_router_gemm,context_other,0.34377901420036017,93.90380113708599,2.0,0.6875580284007203,93.903801137086,5.182509331865964,183.11241221731768,11.097262118880632,349.5713440005272,6,4096,2,4096,0,2,2,8190,8192,4096,0,0.002640769747224929,0.003660970163481374
agg_aic_p0_longctx_b8_isl4096_ctx8192,observed_first_batch,strict_prefix0,mix_step,context_shared_act_gate,context_shared_ffn,0.24342060895522388,93.90380113708599,2.0,0.48684121791044777,93.903801137086,5.182509331865964,183.11241221731768,11.097262118880632,349.5713440005272,6,4096,2,4096,0,2,2,8190,8192,4096,0,0.0018698575347167058,0.00259223381809502
agg_aic_p0_longctx_b8_isl4096_ctx8192,observed_first_batch,strict_prefix0,mix_step,context_shared_ffn2_gemm,context_shared_ffn,1.2334674360075344,93.90380113708599,2.0,2.466934872015069,93.903801137086,5.182509331865964,183.11241221731768,11.097262118880632,349.5713440005272,6,4096,2,4096,0,2,2,8190,8192,4096,0,0.009474992232357113,0.013135436703002577
agg_aic_p0_longctx_b8_isl4096_ctx8192,observed_first_batch,strict_prefix0,mix_step,context_shared_gate_up_gemm,context_shared_ffn,2.349985869834199,93.90380113708599,2.0,4.699971739668398,93.903801137086,5.182509331865964,183.11241221731768,11.097262118880632,349.5713440005272,6,4096,2,4096,0,2,2,8190,8192,4096,0,0.01805163007375251,0.025025460539169857
agg_aic_p0_longctx_b8_isl4096_ctx8192,observed_first_batch,strict_prefix0,mix_step,generation_attention,attention_scaled,0.0,93.90380113708599,2.0,0.0,93.903801137086,5.182509331865964,183.11241221731768,11.097262118880632,349.5713440005272,6,4096,2,4096,0,2,2,8190,8192,4096,0,0.0,0.0
agg_aic_p0_longctx_b8_isl4096_ctx8192,observed_first_batch,strict_prefix0,genonly_step,generation_add_norm_1,generation_other,0.018513528358208957,5.182509331865964,14.0,0.2591893970149254,93.903801137086,5.182509331865964,183.11241221731768,11.097262118880632,349.5713440005272,6,4096,2,4096,0,2,2,8190,8192,4096,0,0.0009954934567931069,0.0035723097003171546
agg_aic_p0_longctx_b8_isl4096_ctx8192,observed_first_batch,strict_prefix0,genonly_step,generation_add_norm_2,generation_other,0.018513528358208957,5.182509331865964,14.0,0.2591893970149254,93.903801137086,5.182509331865964,183.11241221731768,11.097262118880632,349.5713440005272,6,4096,2,4096,0,2,2,8190,8192,4096,0,0.0009954934567931069,0.0035723097003171546
agg_aic_p0_longctx_b8_isl4096_ctx8192,observed_first_batch,strict_prefix0,genonly_step,generation_embedding,generation_other,0.0030213970149253733,5.182509331865964,14.0,0.04229955820895523,93.903801137086,5.182509331865964,183.11241221731768,11.097262118880632,349.5713440005272,6,4096,2,4096,0,2,2,8190,8192,4096,0,0.00016246395071411524,0.0005829988566248309
agg_aic_p0_longctx_b8_isl4096_ctx8192,observed_first_batch,strict_prefix0,genonly_step,generation_logits_gemm,generation_other,0.6415428867649413,5.182509331865964,14.0,8.981600414709177,93.903801137086,5.182509331865964,183.11241221731768,11.097262118880632,349.5713440005272,6,4096,2,4096,0,2,2,8190,8192,4096,0,0.0344964900082636,0.12379001091618945
agg_aic_p0_longctx_b8_isl4096_ctx8192,observed_first_batch,strict_prefix0,genonly_step,generation_mla_block,generation_mla_block,0.8778769429223886,5.182509331865964,14.0,12.29027720091344,93.903801137086,5.182509331865964,183.11241221731768,11.097262118880632,349.5713440005272,6,4096,2,4096,0,2,2,8190,8192,4096,0,0.04720444075487504,0.1693922551233128
agg_aic_p0_longctx_b8_isl4096_ctx8192,observed_first_batch,strict_prefix0,genonly_step,generation_moe_overlap,generation_moe,3.623041048447291,5.182509331865964,14.0,50.72257467826207,93.903801137086,5.182509331865964,183.11241221731768,11.097262118880632,349.5713440005272,6,4096,2,4096,0,2,2,8190,8192,4096,0,0.19481503404632688,0.6990901157032386
agg_aic_p0_longctx_b8_isl4096_ctx8192,observed_first_batch,strict_prefix0,genonly_step,generation_p2p,generation_other,0.0,5.182509331865964,14.0,0.0,93.903801137086,5.182509331865964,183.11241221731768,11.097262118880632,349.5713440005272,6,4096,2,4096,0,2,2,8190,8192,4096,0,0.0,0.0
agg_aic_prefix_probe_b12_isl1024_prefix512_ctx4096,intended_case,prefix_probe,mix_step,context_add_norm_1,context_other,0.28195357611940297,39.5064582430875,3.0,0.8458607283582089,39.5064582430875,9.073927262121916,79.012916486175,11.24767947504803,247.72810861189544,8,1024,4,512,512,5,3,5120,3072,1024,512,0.0035768741263097208,0.007136898336583659
agg_aic_prefix_probe_b12_isl1024_prefix512_ctx4096,intended_case,prefix_probe,mix_step,context_add_norm_2,context_other,0.28195357611940297,39.5064582430875,3.0,0.8458607283582089,39.5064582430875,9.073927262121916,79.012916486175,11.24767947504803,247.72810861189544,8,1024,4,512,512,5,3,5120,3072,1024,512,0.0035768741263097208,0.007136898336583659
agg_aic_prefix_probe_b12_isl1024_prefix512_ctx4096,intended_case,prefix_probe,mix_step,context_attention (scaled),attention_scaled,0.0,39.5064582430875,3.0,0.0,39.5064582430875,9.073927262121916,79.012916486175,11.24767947504803,247.72810861189544,8,1024,4,512,512,5,3,5120,3072,1024,512,0.0,0.0
agg_aic_prefix_probe_b12_isl1024_prefix512_ctx4096,intended_case,prefix_probe,mix_step,context_embedding,context_other,0.013998065671641791,39.5064582430875,3.0,0.04199419701492538,39.5064582430875,9.073927262121916,79.012916486175,11.24767947504803,247.72810861189544,8,1024,4,512,512,5,3,5120,3072,1024,512,0.00017758001018606073,0.0003543234775820749
agg_aic_prefix_probe_b12_isl1024_prefix512_ctx4096,intended_case,prefix_probe,mix_step,context_logits_gemm,context_other,0.6363647375022955,39.5064582430875,3.0,1.9090942125068864,39.5064582430875,9.073927262121916,79.012916486175,11.24767947504803,247.72810861189544,8,1024,4,512,512,5,3,5120,3072,1024,512,0.008072948021428548,0.016107866050322068
agg_aic_prefix_probe_b12_isl1024_prefix512_ctx4096,intended_case,prefix_probe,mix_step,context_mla_block,context_mla_block,9.6726028563576,39.5064582430875,3.0,29.0178085690728,39.5064582430875,9.073927262121916,79.012916486175,11.24767947504803,247.72810861189544,8,1024,4,512,512,5,3,5120,3072,1024,512,0.12270701924462704,0.24483599103825077
agg_aic_prefix_probe_b12_isl1024_prefix512_ctx4096,intended_case,prefix_probe,mix_step,context_moe,context_moe,27.29593341350555,39.5064582430875,3.0,81.88780024051665,39.5064582430875,9.073927262121916,79.012916486175,11.24767947504803,247.72810861189544,8,1024,4,512,512,5,3,5120,3072,1024,512,0.34627728196961916,0.6909233231070911
agg_aic_prefix_probe_b12_isl1024_prefix512_ctx4096,intended_case,prefix_probe,mix_step,context_moe_post_dispatch,context_other,0.0,39.5064582430875,3.0,0.0,39.5064582430875,9.073927262121916,79.012916486175,11.24767947504803,247.72810861189544,8,1024,4,512,512,5,3,5120,3072,1024,512,0.0,0.0
agg_aic_prefix_probe_b12_isl1024_prefix512_ctx4096,intended_case,prefix_probe,mix_step,context_moe_pre_dispatch,context_other,0.0,39.5064582430875,3.0,0.0,39.5064582430875,9.073927262121916,79.012916486175,11.24767947504803,247.72810861189544,8,1024,4,512,512,5,3,5120,3072,1024,512,0.0,0.0
agg_aic_prefix_probe_b12_isl1024_prefix512_ctx4096,intended_case,prefix_probe,mix_step,context_p2p,context_other,0.0,39.5064582430875,3.0,0.0,39.5064582430875,9.073927262121916,79.012916486175,11.24767947504803,247.72810861189544,8,1024,4,512,512,5,3,5120,3072,1024,512,0.0,0.0
agg_aic_prefix_probe_b12_isl1024_prefix512_ctx4096,intended_case,prefix_probe,mix_step,context_router_gemm,context_other,0.12972881201825112,39.5064582430875,3.0,0.38918643605475334,39.5064582430875,9.073927262121916,79.012916486175,11.24767947504803,247.72810861189544,8,1024,4,512,512,5,3,5120,3072,1024,512,0.0016457447978899659,0.003283736831583731
agg_aic_prefix_probe_b12_isl1024_prefix512_ctx4096,intended_case,prefix_probe,mix_step,context_shared_act_gate,context_shared_ffn,0.07456148059701494,39.5064582430875,3.0,0.2236844417910448,39.5064582430875,9.073927262121916,79.012916486175,11.24767947504803,247.72810861189544,8,1024,4,512,512,5,3,5120,3072,1024,512,0.0009458898675357284,0.0018873238430595347
agg_aic_prefix_probe_b12_isl1024_prefix512_ctx4096,intended_case,prefix_probe,mix_step,context_shared_ffn2_gemm,context_shared_ffn,0.3540690722808339,39.5064582430875,3.0,1.0622072168425016,39.5064582430875,9.073927262121916,79.012916486175,11.24767947504803,247.72810861189544,8,1024,4,512,512,5,3,5120,3072,1024,512,0.004491734139351631,0.008962308645898063
agg_aic_prefix_probe_b12_isl1024_prefix512_ctx4096,intended_case,prefix_probe,mix_step,context_shared_gate_up_gemm,context_shared_ffn,0.7652926529155059,39.5064582430875,3.0,2.2958779587465177,39.5064582430875,9.073927262121916,79.012916486175,11.24767947504803,247.72810861189544,8,1024,4,512,512,5,3,5120,3072,1024,512,0.009708532613571713,0.019371330333045236
agg_aic_prefix_probe_b12_isl1024_prefix512_ctx4096,intended_case,prefix_probe,mix_step,generation_attention,attention_scaled,0.0,39.5064582430875,3.0,0.0,39.5064582430875,9.073927262121916,79.012916486175,11.24767947504803,247.72810861189544,8,1024,4,512,512,5,3,5120,3072,1024,512,0.0,0.0
agg_aic_prefix_probe_b12_isl1024_prefix512_ctx4096,intended_case,prefix_probe,genonly_step,generation_add_norm_1,generation_other,0.019540585074626866,9.073927262121916,13.0,0.2540276059701493,39.5064582430875,9.073927262121916,79.012916486175,11.24767947504803,247.72810861189544,8,1024,4,512,512,5,3,5120,3072,1024,512,0.0010742013911990477,0.002153487074576499
agg_aic_prefix_probe_b12_isl1024_prefix512_ctx4096,intended_case,prefix_probe,genonly_step,generation_add_norm_2,generation_other,0.019540585074626866,9.073927262121916,13.0,0.2540276059701493,39.5064582430875,9.073927262121916,79.012916486175,11.24767947504803,247.72810861189544,8,1024,4,512,512,5,3,5120,3072,1024,512,0.0010742013911990477,0.002153487074576499
agg_aic_prefix_probe_b12_isl1024_prefix512_ctx4096,intended_case,prefix_probe,genonly_step,generation_embedding,generation_other,0.0030641910447761194,9.073927262121916,13.0,0.039834483582089554,39.5064582430875,9.073927262121916,79.012916486175,11.24767947504803,247.72810861189544,8,1024,4,512,512,5,3,5120,3072,1024,512,0.00016844727374474604,0.0003376918236458913
agg_aic_prefix_probe_b12_isl1024_prefix512_ctx4096,intended_case,prefix_probe,genonly_step,generation_logits_gemm,generation_other,0.6191287242995203,9.073927262121916,13.0,8.048673415893763,39.5064582430875,9.073927262121916,79.012916486175,11.24767947504803,247.72810861189544,8,1024,4,512,512,5,3,5120,3072,1024,512,0.034035262221366006,0.06823161641200312
agg_aic_prefix_probe_b12_isl1024_prefix512_ctx4096,intended_case,prefix_probe,genonly_step,generation_mla_block,generation_mla_block,0.8191872050790149,9.073927262121916,13.0,10.649433666027193,39.5064582430875,9.073927262121916,79.012916486175,11.24767947504803,247.72810861189544,8,1024,4,512,512,5,3,5120,3072,1024,512,0.04503304440412926,0.09027923427363356
agg_aic_prefix_probe_b12_isl1024_prefix512_ctx4096,intended_case,prefix_probe,genonly_step,generation_moe_overlap,generation_moe,7.593465971549352,9.073927262121916,13.0,98.71505763014157,39.5064582430875,9.073927262121916,79.012916486175,11.24767947504803,247.72810861189544,8,1024,4,512,512,5,3,5120,3072,1024,512,0.4174343644015326,0.8368444833415645
agg_aic_prefix_probe_b12_isl1024_prefix512_ctx4096,intended_case,prefix_probe,genonly_step,generation_p2p,generation_other,0.0,9.073927262121916,13.0,0.0,39.5064582430875,9.073927262121916,79.012916486175,11.24767947504803,247.72810861189544,8,1024,4,512,512,5,3,5120,3072,1024,512,0.0,0.0
agg_aic_prefix_probe_b12_isl1024_prefix512_ctx4096,observed_first_batch,prefix_probe,mix_step,context_add_norm_1,context_other,0.6757014447761194,62.30935309658879,2.0,1.3514028895522388,62.30935309658879,7.624413421835356,121.50323853834811,11.270076066818918,290.5543795406319,8,1024,4,512,512,5,3,5120,3072,1024,0,0.005841113431296153,0.01084430203806933
agg_aic_prefix_probe_b12_isl1024_prefix512_ctx4096,observed_first_batch,prefix_probe,mix_step,context_add_norm_2,context_other,0.6757014447761194,62.30935309658879,2.0,1.3514028895522388,62.30935309658879,7.624413421835356,121.50323853834811,11.270076066818918,290.5543795406319,8,1024,4,512,512,5,3,5120,3072,1024,0,0.005841113431296153,0.01084430203806933
agg_aic_prefix_probe_b12_isl1024_prefix512_ctx4096,observed_first_batch,prefix_probe,mix_step,context_attention (scaled),attention_scaled,0.0,62.30935309658879,2.0,0.0,62.30935309658879,7.624413421835356,121.50323853834811,11.270076066818918,290.5543795406319,8,1024,4,512,512,5,3,5120,3072,1024,0,0.0,0.0
agg_aic_prefix_probe_b12_isl1024_prefix512_ctx4096,observed_first_batch,prefix_probe,mix_step,context_embedding,context_other,0.030404226865671645,62.30935309658879,2.0,0.06080845373134329,62.30935309658879,7.624413421835356,121.50323853834811,11.270076066818918,290.5543795406319,8,1024,4,512,512,5,3,5120,3072,1024,0,0.0002628298922345689,0.0004879560668611109
agg_aic_prefix_probe_b12_isl1024_prefix512_ctx4096,observed_first_batch,prefix_probe,mix_step,context_logits_gemm,context_other,0.6363647375022955,62.30935309658879,2.0,1.272729475004591,62.30935309658879,7.624413421835356,121.50323853834811,11.270076066818918,290.5543795406319,8,1024,4,512,512,5,3,5120,3072,1024,0,0.005501066549679335,0.01021298899566226
agg_aic_prefix_probe_b12_isl1024_prefix512_ctx4096,observed_first_batch,prefix_probe,mix_step,context_mla_block,context_mla_block,21.214548894424283,62.30935309658879,2.0,42.429097788848566,62.30935309658879,7.624413421835356,121.50323853834811,11.270076066818918,290.5543795406319,8,1024,4,512,512,5,3,5120,3072,1024,0,0.18338955383937058,0.34047133921513467
agg_aic_prefix_probe_b12_isl1024_prefix512_ctx4096,observed_first_batch,prefix_probe,mix_step,context_moe,context_moe,36.32842320799827,62.30935309658879,2.0,72.65684641599654,62.30935309658879,7.624413421835356,121.50323853834811,11.270076066818918,290.5543795406319,8,1024,4,512,512,5,3,5120,3072,1024,0,0.3140417152850064,0.5830332269969775
agg_aic_prefix_probe_b12_isl1024_prefix512_ctx4096,observed_first_batch,prefix_probe,mix_step,context_moe_post_dispatch,context_other,0.0,62.30935309658879,2.0,0.0,62.30935309658879,7.624413421835356,121.50323853834811,11.270076066818918,290.5543795406319,8,1024,4,512,512,5,3,5120,3072,1024,0,0.0,0.0
agg_aic_prefix_probe_b12_isl1024_prefix512_ctx4096,observed_first_batch,prefix_probe,mix_step,context_moe_pre_dispatch,context_other,0.0,62.30935309658879,2.0,0.0,62.30935309658879,7.624413421835356,121.50323853834811,11.270076066818918,290.5543795406319,8,1024,4,512,512,5,3,5120,3072,1024,0,0.0,0.0
agg_aic_prefix_probe_b12_isl1024_prefix512_ctx4096,observed_first_batch,prefix_probe,mix_step,context_p2p,context_other,0.0,62.30935309658879,2.0,0.0,62.30935309658879,7.624413421835356,121.50323853834811,11.270076066818918,290.5543795406319,8,1024,4,512,512,5,3,5120,3072,1024,0,0.0,0.0
agg_aic_prefix_probe_b12_isl1024_prefix512_ctx4096,observed_first_batch,prefix_probe,mix_step,context_router_gemm,context_other,0.23943475705732475,62.30935309658879,2.0,0.4788695141146495,62.30935309658879,7.624413421835356,121.50323853834811,11.270076066818918,290.5543795406319,8,1024,4,512,512,5,3,5120,3072,1024,0,0.0020697981130261734,0.0038426776263615703
agg_aic_prefix_probe_b12_isl1024_prefix512_ctx4096,observed_first_batch,prefix_probe,mix_step,context_shared_act_gate,context_shared_ffn,0.15893602388059702,62.30935309658879,2.0,0.31787204776119404,62.30935309658879,7.624413421835356,121.50323853834811,11.270076066818918,290.5543795406319,8,1024,4,512,512,5,3,5120,3072,1024,0,0.0013739253496984258,0.002550757085123681
agg_aic_prefix_probe_b12_isl1024_prefix512_ctx4096,observed_first_batch,prefix_probe,mix_step,context_shared_ffn2_gemm,context_shared_ffn,0.792124180761882,62.30935309658879,2.0,1.584248361523764,62.30935309658879,7.624413421835356,121.50323853834811,11.270076066818918,290.5543795406319,8,1024,4,512,512,5,3,5120,3072,1024,0,0.00684753189041311,0.012712765281545635
agg_aic_prefix_probe_b12_isl1024_prefix512_ctx4096,observed_first_batch,prefix_probe,mix_step,context_shared_gate_up_gemm,context_shared_ffn,1.557714178546224,62.30935309658879,2.0,3.115428357092448,62.30935309658879,7.624413421835356,121.50323853834811,11.270076066818918,290.5543795406319,8,1024,4,512,512,5,3,5120,3072,1024,0,0.013465688553383972,0.02499968465619495
agg_aic_prefix_probe_b12_isl1024_prefix512_ctx4096,observed_first_batch,prefix_probe,mix_step,generation_attention,attention_scaled,0.0,62.30935309658879,2.0,0.0,62.30935309658879,7.624413421835356,121.50323853834811,11.270076066818918,290.5543795406319,8,1024,4,512,512,5,3,5120,3072,1024,0,0.0,0.0
agg_aic_prefix_probe_b12_isl1024_prefix512_ctx4096,observed_first_batch,prefix_probe,genonly_step,generation_add_norm_1,generation_other,0.019027056716417908,7.624413421835356,14.0,0.2663787940298507,62.30935309658879,7.624413421835356,121.50323853834811,11.270076066818918,290.5543795406319,8,1024,4,512,512,5,3,5120,3072,1024,0,0.0011513581653919403,0.002495543678406371
agg_aic_prefix_probe_b12_isl1024_prefix512_ctx4096,observed_first_batch,prefix_probe,genonly_step,generation_add_norm_2,generation_other,0.019027056716417908,7.624413421835356,14.0,0.2663787940298507,62.30935309658879,7.624413421835356,121.50323853834811,11.270076066818918,290.5543795406319,8,1024,4,512,512,5,3,5120,3072,1024,0,0.0011513581653919403,0.002495543678406371
agg_aic_prefix_probe_b12_isl1024_prefix512_ctx4096,observed_first_batch,prefix_probe,genonly_step,generation_embedding,generation_other,0.0030427940298507466,7.624413421835356,14.0,0.04259911641791045,62.30935309658879,7.624413421835356,121.50323853834811,11.270076066818918,290.5543795406319,8,1024,4,512,512,5,3,5120,3072,1024,0,0.00018412441840526844,0.00039908565570914207
agg_aic_prefix_probe_b12_isl1024_prefix512_ctx4096,observed_first_batch,prefix_probe,genonly_step,generation_logits_gemm,generation_other,0.6416549181844626,7.624413421835356,14.0,8.983168854582477,62.30935309658879,7.624413421835356,121.50323853834811,11.270076066818918,290.5543795406319,8,1024,4,512,512,5,3,5120,3072,1024,0,0.038827583289753415,0.08415793880573738
agg_aic_prefix_probe_b12_isl1024_prefix512_ctx4096,observed_first_batch,prefix_probe,genonly_step,generation_mla_block,generation_mla_block,0.7470169006678048,7.624413421835356,14.0,10.458236609349267,62.30935309658879,7.624413421835356,121.50323853834811,11.270076066818918,290.5543795406319,8,1024,4,512,512,5,3,5120,3072,1024,0,0.04520320830953927,0.0979769667956938
agg_aic_prefix_probe_b12_isl1024_prefix512_ctx4096,observed_first_batch,prefix_probe,genonly_step,generation_moe_overlap,generation_moe,6.1946446955204015,7.624413421835356,14.0,86.72502573728562,62.30935309658879,7.624413421835356,121.50323853834811,11.270076066818918,290.5543795406319,8,1024,4,512,512,5,3,5120,3072,1024,0,0.3748480313161133,0.8124749213860469
agg_aic_prefix_probe_b12_isl1024_prefix512_ctx4096,observed_first_batch,prefix_probe,genonly_step,generation_p2p,generation_other,0.0,7.624413421835356,14.0,0.0,62.30935309658879,7.624413421835356,121.50323853834811,11.270076066818918,290.5543795406319,8,1024,4,512,512,5,3,5120,3072,1024,0,0.0,0.0
agg_aic_prefix_probe_b24_isl1280_prefix1024_ctx10240,intended_case,prefix_probe,mix_step,context_add_norm_1,context_other,0.28298063283582087,48.3220071082514,3.0,0.8489418985074626,48.322007108251405,12.150699704344095,96.6440142165028,14.734364518908905,317.6594820001364,16,1280,8,256,1024,7,1,8191,1280,1280,1024,0.0028024810407478755,0.005856144017401535
agg_aic_prefix_probe_b24_isl1280_prefix1024_ctx10240,intended_case,prefix_probe,mix_step,context_add_norm_2,context_other,0.28298063283582087,48.3220071082514,3.0,0.8489418985074626,48.322007108251405,12.150699704344095,96.6440142165028,14.734364518908905,317.6594820001364,16,1280,8,256,1024,7,1,8191,1280,1280,1024,0.0028024810407478755,0.005856144017401535
agg_aic_prefix_probe_b24_isl1280_prefix1024_ctx10240,intended_case,prefix_probe,mix_step,context_attention (scaled),attention_scaled,0.0,48.3220071082514,3.0,0.0,48.322007108251405,12.150699704344095,96.6440142165028,14.734364518908905,317.6594820001364,16,1280,8,256,1024,7,1,8191,1280,1280,1024,0.0,0.0
agg_aic_prefix_probe_b24_isl1280_prefix1024_ctx10240,intended_case,prefix_probe,mix_step,context_embedding,context_other,0.014040859701492537,48.3220071082514,3.0,0.042122579104477614,48.322007108251405,12.150699704344095,96.6440142165028,14.734364518908905,317.6594820001364,16,1280,8,256,1024,7,1,8191,1280,1280,1024,0.00013905277797602239,0.00029056863615035847
agg_aic_prefix_probe_b24_isl1280_prefix1024_ctx10240,intended_case,prefix_probe,mix_step,context_logits_gemm,context_other,0.6363647375022955,48.3220071082514,3.0,1.9090942125068864,48.322007108251405,12.150699704344095,96.6440142165028,14.734364518908905,317.6594820001364,16,1280,8,256,1024,7,1,8191,1280,1280,1024,0.00630219847195469,0.013169253008814502
agg_aic_prefix_probe_b24_isl1280_prefix1024_ctx10240,intended_case,prefix_probe,mix_step,context_mla_block,context_mla_block,18.47291208542522,48.3220071082514,3.0,55.418736256275665,48.322007108251405,12.150699704344095,96.6440142165028,14.734364518908905,317.6594820001364,16,1280,8,256,1024,7,1,8191,1280,1280,1024,0.182945332222938,0.3822877647454096
agg_aic_prefix_probe_b24_isl1280_prefix1024_ctx10240,intended_case,prefix_probe,mix_step,context_moe,context_moe,27.31082190513611,48.3220071082514,3.0,81.93246571540833,48.322007108251405,12.150699704344095,96.6440142165028,14.734364518908905,317.6594820001364,16,1280,8,256,1024,7,1,8191,1280,1280,1024,0.27047102068215184,0.5651839304595556
agg_aic_prefix_probe_b24_isl1280_prefix1024_ctx10240,intended_case,prefix_probe,mix_step,context_moe_post_dispatch,context_other,0.0,48.3220071082514,3.0,0.0,48.322007108251405,12.150699704344095,96.6440142165028,14.734364518908905,317.6594820001364,16,1280,8,256,1024,7,1,8191,1280,1280,1024,0.0,0.0
agg_aic_prefix_probe_b24_isl1280_prefix1024_ctx10240,intended_case,prefix_probe,mix_step,context_moe_pre_dispatch,context_other,0.0,48.3220071082514,3.0,0.0,48.322007108251405,12.150699704344095,96.6440142165028,14.734364518908905,317.6594820001364,16,1280,8,256,1024,7,1,8191,1280,1280,1024,0.0,0.0
agg_aic_prefix_probe_b24_isl1280_prefix1024_ctx10240,intended_case,prefix_probe,mix_step,context_p2p,context_other,0.0,48.3220071082514,3.0,0.0,48.322007108251405,12.150699704344095,96.6440142165028,14.734364518908905,317.6594820001364,16,1280,8,256,1024,7,1,8191,1280,1280,1024,0.0,0.0
agg_aic_prefix_probe_b24_isl1280_prefix1024_ctx10240,intended_case,prefix_probe,mix_step,context_router_gemm,context_other,0.12965050631878422,48.3220071082514,3.0,0.38895151895635266,48.322007108251405,12.150699704344095,96.6440142165028,14.734364518908905,317.6594820001364,16,1280,8,256,1024,7,1,8191,1280,1280,1024,0.0012839856998007318,0.0026830530037450636
agg_aic_prefix_probe_b24_isl1280_prefix1024_ctx10240,intended_case,prefix_probe,mix_step,context_shared_act_gate,context_shared_ffn,0.07478156417910448,48.3220071082514,3.0,0.22434469253731343,48.322007108251405,12.150699704344095,96.6440142165028,14.734364518908905,317.6594820001364,16,1280,8,256,1024,7,1,8191,1280,1280,1024,0.0007405945548612895,0.0015475674264021802
agg_aic_prefix_probe_b24_isl1280_prefix1024_ctx10240,intended_case,prefix_probe,mix_step,context_shared_ffn2_gemm,context_shared_ffn,0.35476361770255893,48.3220071082514,3.0,1.0642908531076767,48.322007108251405,12.150699704344095,96.6440142165028,14.734364518908905,317.6594820001364,16,1280,8,256,1024,7,1,8191,1280,1280,1024,0.00351337935248513,0.007341657330330139
agg_aic_prefix_probe_b24_isl1280_prefix1024_ctx10240,intended_case,prefix_probe,mix_step,context_shared_gate_up_gemm,context_shared_ffn,0.7627105666141885,48.3220071082514,3.0,2.288131699842565,48.322007108251405,12.150699704344095,96.6440142165028,14.734364518908905,317.6594820001364,16,1280,8,256,1024,7,1,8191,1280,1280,1024,0.007553456507231901,0.01578391735478945
agg_aic_prefix_probe_b24_isl1280_prefix1024_ctx10240,intended_case,prefix_probe,mix_step,generation_attention,attention_scaled,0.0,48.3220071082514,3.0,0.0,48.322007108251405,12.150699704344095,96.6440142165028,14.734364518908905,317.6594820001364,16,1280,8,256,1024,7,1,8191,1280,1280,1024,0.0,0.0
agg_aic_prefix_probe_b24_isl1280_prefix1024_ctx10240,intended_case,prefix_probe,genonly_step,generation_add_norm_1,generation_other,0.021081170149253734,12.150699704344097,13.0,0.2740552119402985,48.322007108251405,12.150699704344095,96.6440142165028,14.734364518908905,317.6594820001364,16,1280,8,256,1024,7,1,8191,1280,1280,1024,0.0009046962306032019,0.0017349758172129652
agg_aic_prefix_probe_b24_isl1280_prefix1024_ctx10240,intended_case,prefix_probe,genonly_step,generation_add_norm_2,generation_other,0.021081170149253734,12.150699704344097,13.0,0.2740552119402985,48.322007108251405,12.150699704344095,96.6440142165028,14.734364518908905,317.6594820001364,16,1280,8,256,1024,7,1,8191,1280,1280,1024,0.0009046962306032019,0.0017349758172129652
agg_aic_prefix_probe_b24_isl1280_prefix1024_ctx10240,intended_case,prefix_probe,genonly_step,generation_embedding,generation_other,0.0031283820895522388,12.150699704344097,13.0,0.0406689671641791,48.322007108251405,12.150699704344095,96.6440142165028,14.734364518908905,317.6594820001364,16,1280,8,256,1024,7,1,8191,1280,1280,1024,0.0001342541929250862,0.00025746518025079537
agg_aic_prefix_probe_b24_isl1280_prefix1024_ctx10240,intended_case,prefix_probe,genonly_step,generation_logits_gemm,generation_other,0.6481948487895202,12.150699704344097,13.0,8.426533034263763,48.322007108251405,12.150699704344095,96.6440142165028,14.734364518908905,317.6594820001364,16,1280,8,256,1024,7,1,8191,1280,1280,1024,0.027817214710780674,0.053346298119587195
agg_aic_prefix_probe_b24_isl1280_prefix1024_ctx10240,intended_case,prefix_probe,genonly_step,generation_mla_block,generation_mla_block,1.1350655704967627,12.150699704344097,13.0,14.755852416457916,48.322007108251405,12.150699704344095,96.6440142165028,14.734364518908905,317.6594820001364,16,1280,8,256,1024,7,1,8191,1280,1280,1024,0.048711221238933254,0.09341565491005889
agg_aic_prefix_probe_b24_isl1280_prefix1024_ctx10240,intended_case,prefix_probe,genonly_step,generation_moe_overlap,generation_moe,10.322148562669755,12.150699704344097,13.0,134.18793131470682,48.322007108251405,12.150699704344095,96.6440142165028,14.734364518908905,317.6594820001364,16,1280,8,256,1024,7,1,8191,1280,1280,1024,0.44297393504525945,0.8495106301556772
agg_aic_prefix_probe_b24_isl1280_prefix1024_ctx10240,intended_case,prefix_probe,genonly_step,generation_p2p,generation_other,0.0,12.150699704344097,13.0,0.0,48.322007108251405,12.150699704344095,96.6440142165028,14.734364518908905,317.6594820001364,16,1280,8,256,1024,7,1,8191,1280,1280,1024,0.0,0.0
agg_aic_prefix_probe_b24_isl1280_prefix1024_ctx10240,observed_first_batch,prefix_probe,mix_step,context_add_norm_1,context_other,1.168431904477612,104.72600122392522,2.0,2.336863808955224,104.72600122392522,7.655659024502687,204.2157023866542,14.127015171130855,416.120929953617,16,1280,8,256,1024,7,1,8191,1280,1280,0,0.0073803958563371935,0.011157037324276994
agg_aic_prefix_probe_b24_isl1280_prefix1024_ctx10240,observed_first_batch,prefix_probe,mix_step,context_add_norm_2,context_other,1.168431904477612,104.72600122392522,2.0,2.336863808955224,104.72600122392522,7.655659024502687,204.2157023866542,14.127015171130855,416.120929953617,16,1280,8,256,1024,7,1,8191,1280,1280,0,0.0073803958563371935,0.011157037324276994
agg_aic_prefix_probe_b24_isl1280_prefix1024_ctx10240,observed_first_batch,prefix_probe,mix_step,context_attention (scaled),attention_scaled,0.0,104.72600122392522,2.0,0.0,104.72600122392522,7.655659024502687,204.2157023866542,14.127015171130855,416.120929953617,16,1280,8,256,1024,7,1,8191,1280,1280,0,0.0,0.0
agg_aic_prefix_probe_b24_isl1280_prefix1024_ctx10240,observed_first_batch,prefix_probe,mix_step,context_embedding,context_other,0.05093466268656716,104.72600122392522,2.0,0.10186932537313433,104.72600122392522,7.655659024502687,204.2157023866542,14.127015171130855,416.120929953617,16,1280,8,256,1024,7,1,8191,1280,1280,0,0.00032172861079477296,0.00048636119102512686
agg_aic_prefix_probe_b24_isl1280_prefix1024_ctx10240,observed_first_batch,prefix_probe,mix_step,context_logits_gemm,context_other,0.6363647375022955,104.72600122392522,2.0,1.272729475004591,104.72600122392522,7.655659024502687,204.2157023866542,14.127015171130855,416.120929953617,16,1280,8,256,1024,7,1,8191,1280,1280,0,0.004019595539785295,0.00607647317824749
agg_aic_prefix_probe_b24_isl1280_prefix1024_ctx10240,observed_first_batch,prefix_probe,mix_step,context_mla_block,context_mla_block,46.39675347162468,104.72600122392522,2.0,92.79350694324935,104.72600122392522,7.655659024502687,204.2157023866542,14.127015171130855,416.120929953617,16,1280,8,256,1024,7,1,8191,1280,1280,0,0.2930649238156251,0.4430299345853863
agg_aic_prefix_probe_b24_isl1280_prefix1024_ctx10240,observed_first_batch,prefix_probe,mix_step,context_moe,context_moe,50.77165356785059,104.72600122392522,2.0,101.54330713570118,104.72600122392522,7.655659024502687,204.2157023866542,14.127015171130855,416.120929953617,16,1280,8,256,1024,7,1,8191,1280,1280,0,0.320698964291874,0.4848046614449701
agg_aic_prefix_probe_b24_isl1280_prefix1024_ctx10240,observed_first_batch,prefix_probe,mix_step,context_moe_post_dispatch,context_other,0.0,104.72600122392522,2.0,0.0,104.72600122392522,7.655659024502687,204.2157023866542,14.127015171130855,416.120929953617,16,1280,8,256,1024,7,1,8191,1280,1280,0,0.0,0.0
agg_aic_prefix_probe_b24_isl1280_prefix1024_ctx10240,observed_first_batch,prefix_probe,mix_step,context_moe_pre_dispatch,context_other,0.0,104.72600122392522,2.0,0.0,104.72600122392522,7.655659024502687,204.2157023866542,14.127015171130855,416.120929953617,16,1280,8,256,1024,7,1,8191,1280,1280,0,0.0,0.0
agg_aic_prefix_probe_b24_isl1280_prefix1024_ctx10240,observed_first_batch,prefix_probe,mix_step,context_p2p,context_other,0.0,104.72600122392522,2.0,0.0,104.72600122392522,7.655659024502687,204.2157023866542,14.127015171130855,416.120929953617,16,1280,8,256,1024,7,1,8191,1280,1280,0,0.0,0.0
agg_aic_prefix_probe_b24_isl1280_prefix1024_ctx10240,observed_first_batch,prefix_probe,mix_step,context_router_gemm,context_other,0.3653903375816298,104.72600122392522,2.0,0.7307806751632596,104.72600122392522,7.655659024502687,204.2157023866542,14.127015171130855,416.120929953617,16,1280,8,256,1024,7,1,8191,1280,1280,0,0.0023079867325591164,0.003489012597744011
agg_aic_prefix_probe_b24_isl1280_prefix1024_ctx10240,observed_first_batch,prefix_probe,mix_step,context_shared_act_gate,context_shared_ffn,0.2645211223880597,104.72600122392522,2.0,0.5290422447761194,104.72600122392522,7.655659024502687,204.2157023866542,14.127015171130855,416.120929953617,16,1280,8,256,1024,7,1,8191,1280,1280,0,0.0016708467032653732,0.0025258399948114166
agg_aic_prefix_probe_b24_isl1280_prefix1024_ctx10240,observed_first_batch,prefix_probe,mix_step,context_shared_ffn2_gemm,context_shared_ffn,1.3380735497533653,104.72600122392522,2.0,2.6761470995067307,104.72600122392522,7.655659024502687,204.2157023866542,14.127015171130855,416.120929953617,16,1280,8,256,1024,7,1,8191,1280,1280,0,0.008451936689018542,0.012776899090153317
agg_aic_prefix_probe_b24_isl1280_prefix1024_ctx10240,observed_first_batch,prefix_probe,mix_step,context_shared_gate_up_gemm,context_shared_ffn,2.565445965582815,104.72600122392522,2.0,5.13089193116563,104.72600122392522,7.655659024502687,204.2157023866542,14.127015171130855,416.120929953617,16,1280,8,256,1024,7,1,8191,1280,1280,0,0.01620463006999923,0.024496743269108272
agg_aic_prefix_probe_b24_isl1280_prefix1024_ctx10240,observed_first_batch,prefix_probe,mix_step,generation_attention,attention_scaled,0.0,104.72600122392522,2.0,0.0,104.72600122392522,7.655659024502687,204.2157023866542,14.127015171130855,416.120929953617,16,1280,8,256,1024,7,1,8191,1280,1280,0,0.0,0.0
agg_aic_prefix_probe_b24_isl1280_prefix1024_ctx10240,observed_first_batch,prefix_probe,genonly_step,generation_add_norm_1,generation_other,0.019027056716417908,7.655659024502687,14.0,0.2663787940298507,104.72600122392522,7.655659024502687,204.2157023866542,14.127015171130855,416.120929953617,16,1280,8,256,1024,7,1,8191,1280,1280,0,0.0008412903397023248,0.0024853584329605
agg_aic_prefix_probe_b24_isl1280_prefix1024_ctx10240,observed_first_batch,prefix_probe,genonly_step,generation_add_norm_2,generation_other,0.019027056716417908,7.655659024502687,14.0,0.2663787940298507,104.72600122392522,7.655659024502687,204.2157023866542,14.127015171130855,416.120929953617,16,1280,8,256,1024,7,1,8191,1280,1280,0,0.0008412903397023248,0.0024853584329605
agg_aic_prefix_probe_b24_isl1280_prefix1024_ctx10240,observed_first_batch,prefix_probe,genonly_step,generation_embedding,generation_other,0.0030427940298507466,7.655659024502687,14.0,0.04259911641791045,104.72600122392522,7.655659024502687,204.2157023866542,14.127015171130855,416.120929953617,16,1280,8,256,1024,7,1,8191,1280,1280,0,0.00013453858161932623,0.0003974568381522722
agg_aic_prefix_probe_b24_isl1280_prefix1024_ctx10240,observed_first_batch,prefix_probe,genonly_step,generation_logits_gemm,generation_other,0.6416549181844626,7.655659024502687,14.0,8.983168854582477,104.72600122392522,7.655659024502687,204.2157023866542,14.127015171130855,416.120929953617,16,1280,8,256,1024,7,1,8191,1280,1280,0,0.02837107662717378,0.08381445883767592
agg_aic_prefix_probe_b24_isl1280_prefix1024_ctx10240,observed_first_batch,prefix_probe,genonly_step,generation_mla_block,generation_mla_block,0.7782625033351366,7.655659024502687,14.0,10.895675046691911,104.72600122392522,7.655659024502687,204.2157023866542,14.127015171130855,416.120929953617,16,1280,8,256,1024,7,1,8191,1280,1280,0,0.03441124581519947,0.10165845955837782
agg_aic_prefix_probe_b24_isl1280_prefix1024_ctx10240,observed_first_batch,prefix_probe,genonly_step,generation_moe_overlap,generation_moe,6.1946446955204015,7.655659024502687,14.0,86.72502573728562,104.72600122392522,7.655659024502687,204.2157023866542,14.127015171130855,416.120929953617,16,1280,8,256,1024,7,1,8191,1280,1280,0,0.2738991541310071,0.809158907899873
agg_aic_prefix_probe_b24_isl1280_prefix1024_ctx10240,observed_first_batch,prefix_probe,genonly_step,generation_p2p,generation_other,0.0,7.655659024502687,14.0,0.0,104.72600122392522,7.655659024502687,204.2157023866542,14.127015171130855,416.120929953617,16,1280,8,256,1024,7,1,8191,1280,1280,0,0.0,0.0
agg_aic_prefix_probe_b12_isl4096_prefix2048_ctx8192,intended_case,prefix_probe,mix_step,context_add_norm_1,context_other,0.5451368597014926,63.89847070703722,6.0,3.270821158208956,63.89847070703723,9.582446746076211,137.38171202013004,22.11691381399029,469.1354192299845,10,4096,2,2048,2048,2,1,8191,4096,4096,2048,0.006825368920481338,0.008531297442169551
agg_aic_prefix_probe_b12_isl4096_prefix2048_ctx8192,intended_case,prefix_probe,mix_step,context_add_norm_2,context_other,0.5451368597014926,63.89847070703722,6.0,3.270821158208956,63.89847070703723,9.582446746076211,137.38171202013004,22.11691381399029,469.1354192299845,10,4096,2,2048,2048,2,1,8191,4096,4096,2048,0.006825368920481338,0.008531297442169551
agg_aic_prefix_probe_b12_isl4096_prefix2048_ctx8192,intended_case,prefix_probe,mix_step,context_attention (scaled),attention_scaled,0.0,63.89847070703722,6.0,0.0,63.89847070703723,9.582446746076211,137.38171202013004,22.11691381399029,469.1354192299845,10,4096,2,2048,2048,2,1,8191,4096,4096,2048,0.0,0.0
agg_aic_prefix_probe_b12_isl4096_prefix2048_ctx8192,intended_case,prefix_probe,mix_step,context_embedding,context_other,0.024964035820895524,63.89847070703722,6.0,0.14978421492537314,63.89847070703723,9.582446746076211,137.38171202013004,22.11691381399029,469.1354192299845,10,4096,2,2048,2048,2,1,8191,4096,4096,2048,0.00031256142597846896,0.0003906828370799523
agg_aic_prefix_probe_b12_isl4096_prefix2048_ctx8192,intended_case,prefix_probe,mix_step,context_logits_gemm,context_other,0.6363647375022955,63.89847070703722,6.0,3.8181884250137728,63.89847070703723,9.582446746076211,137.38171202013004,22.11691381399029,469.1354192299845,10,4096,2,2048,2048,2,1,8191,4096,4096,2048,0.007967584697569,0.009958997930011678
agg_aic_prefix_probe_b12_isl4096_prefix2048_ctx8192,intended_case,prefix_probe,mix_step,context_mla_block,context_mla_block,26.348258530401846,63.89847070703722,6.0,158.08955118241107,63.89847070703723,9.582446746076211,137.38171202013004,22.11691381399029,469.1354192299845,10,4096,2,2048,2048,2,1,8191,4096,4096,2048,0.3298925429124117,0.41234568275043365
agg_aic_prefix_probe_b12_isl4096_prefix2048_ctx8192,intended_case,prefix_probe,mix_step,context_moe,context_moe,33.35212073564529,63.89847070703722,6.0,200.11272441387177,63.89847070703723,9.582446746076211,137.38171202013004,22.11691381399029,469.1354192299845,10,4096,2,2048,2048,2,1,8191,4096,4096,2048,0.4175841795505564,0.5219549132648049
agg_aic_prefix_probe_b12_isl4096_prefix2048_ctx8192,intended_case,prefix_probe,mix_step,context_moe_post_dispatch,context_other,0.0,63.89847070703722,6.0,0.0,63.89847070703723,9.582446746076211,137.38171202013004,22.11691381399029,469.1354192299845,10,4096,2,2048,2048,2,1,8191,4096,4096,2048,0.0,0.0
agg_aic_prefix_probe_b12_isl4096_prefix2048_ctx8192,intended_case,prefix_probe,mix_step,context_moe_pre_dispatch,context_other,0.0,63.89847070703722,6.0,0.0,63.89847070703723,9.582446746076211,137.38171202013004,22.11691381399029,469.1354192299845,10,4096,2,2048,2048,2,1,8191,4096,4096,2048,0.0,0.0
agg_aic_prefix_probe_b12_isl4096_prefix2048_ctx8192,intended_case,prefix_probe,mix_step,context_p2p,context_other,0.0,63.89847070703722,6.0,0.0,63.89847070703723,9.582446746076211,137.38171202013004,22.11691381399029,469.1354192299845,10,4096,2,2048,2048,2,1,8191,4096,4096,2048,0.0,0.0
agg_aic_prefix_probe_b12_isl4096_prefix2048_ctx8192,intended_case,prefix_probe,mix_step,context_router_gemm,context_other,0.2211427845206915,63.89847070703722,6.0,1.326856707124149,63.89847070703723,9.582446746076211,137.38171202013004,22.11691381399029,469.1354192299845,10,4096,2,2048,2048,2,1,8191,4096,4096,2048,0.002768811283982411,0.003460846278068072
agg_aic_prefix_probe_b12_isl4096_prefix2048_ctx8192,intended_case,prefix_probe,mix_step,context_shared_act_gate,context_shared_ffn,0.13095789850746267,63.89847070703722,6.0,0.7857473910447761,63.89847070703723,9.582446746076211,137.38171202013004,22.11691381399029,469.1354192299845,10,4096,2,2048,2048,2,1,8191,4096,4096,2048,0.0016396542527941222,0.0020494684310659113
agg_aic_prefix_probe_b12_isl4096_prefix2048_ctx8192,intended_case,prefix_probe,mix_step,context_shared_ffn2_gemm,context_shared_ffn,0.665221217099358,63.89847070703722,6.0,3.991327302596148,63.89847070703723,9.582446746076211,137.38171202013004,22.11691381399029,469.1354192299845,10,4096,2,2048,2048,2,1,8191,4096,4096,2048,0.008328881343523458,0.010410596838056976
agg_aic_prefix_probe_b12_isl4096_prefix2048_ctx8192,intended_case,prefix_probe,mix_step,context_shared_gate_up_gemm,context_shared_ffn,1.4291670481363932,63.89847070703722,6.0,8.575002288818359,63.89847070703723,9.582446746076211,137.38171202013004,22.11691381399029,469.1354192299845,10,4096,2,2048,2048,2,1,8191,4096,4096,2048,0.017893841113344706,0.02236621678613972
agg_aic_prefix_probe_b12_isl4096_prefix2048_ctx8192,intended_case,prefix_probe,mix_step,generation_attention,attention_scaled,0.0,63.89847070703722,6.0,0.0,63.89847070703723,9.582446746076211,137.38171202013004,22.11691381399029,469.1354192299845,10,4096,2,2048,2048,2,1,8191,4096,4096,2048,0.0,0.0
agg_aic_prefix_probe_b12_isl4096_prefix2048_ctx8192,intended_case,prefix_probe,genonly_step,generation_add_norm_1,generation_other,0.019540585074626866,9.582446746076213,10.0,0.19540585074626865,63.89847070703723,9.582446746076211,137.38171202013004,22.11691381399029,469.1354192299845,10,4096,2,2048,2048,2,1,8191,4096,4096,2048,0.0004077621355776349,0.002039206227013813
agg_aic_prefix_probe_b12_isl4096_prefix2048_ctx8192,intended_case,prefix_probe,genonly_step,generation_add_norm_2,generation_other,0.019540585074626866,9.582446746076213,10.0,0.19540585074626865,63.89847070703723,9.582446746076211,137.38171202013004,22.11691381399029,469.1354192299845,10,4096,2,2048,2048,2,1,8191,4096,4096,2048,0.0004077621355776349,0.002039206227013813
agg_aic_prefix_probe_b12_isl4096_prefix2048_ctx8192,intended_case,prefix_probe,genonly_step,generation_embedding,generation_other,0.0030641910447761194,9.582446746076213,10.0,0.030641910447761194,63.89847070703723,9.582446746076211,137.38171202013004,22.11691381399029,469.1354192299845,10,4096,2,2048,2048,2,1,8191,4096,4096,2048,6.39418461353125e-05,0.00031977125738067195
agg_aic_prefix_probe_b12_isl4096_prefix2048_ctx8192,intended_case,prefix_probe,genonly_step,generation_logits_gemm,generation_other,0.6191287242995203,9.582446746076213,10.0,6.191287242995203,63.89847070703723,9.582446746076211,137.38171202013004,22.11691381399029,469.1354192299845,10,4096,2,2048,2048,2,1,8191,4096,4096,2048,0.012919636226534527,0.06461071380887548
agg_aic_prefix_probe_b12_isl4096_prefix2048_ctx8192,intended_case,prefix_probe,genonly_step,generation_mla_block,generation_mla_block,1.3277066890333116,9.582446746076213,10.0,13.277066890333115,63.89847070703723,9.582446746076211,137.38171202013004,22.11691381399029,469.1354192299845,10,4096,2,2048,2048,2,1,8191,4096,4096,2048,0.027705849792794494,0.1385561249872822
agg_aic_prefix_probe_b12_isl4096_prefix2048_ctx8192,intended_case,prefix_probe,genonly_step,generation_moe_overlap,generation_moe,7.593465971549352,9.582446746076213,10.0,75.93465971549352,63.89847070703723,9.582446746076211,137.38171202013004,22.11691381399029,469.1354192299845,10,4096,2,2048,2048,2,1,8191,4096,4096,2048,0.15845625344225728,0.7924349774924341
agg_aic_prefix_probe_b12_isl4096_prefix2048_ctx8192,intended_case,prefix_probe,genonly_step,generation_p2p,generation_other,0.0,9.582446746076213,10.0,0.0,63.89847070703723,9.582446746076211,137.38171202013004,22.11691381399029,469.1354192299845,10,4096,2,2048,2048,2,1,8191,4096,4096,2048,0.0,0.0
agg_aic_prefix_probe_b12_isl4096_prefix2048_ctx8192,observed_first_batch,prefix_probe,mix_step,context_add_norm_1,context_other,1.0698344597014926,93.88838444023584,2.0,2.139668919402985,93.88838444023584,4.257347164518229,183.0823496584599,10.23274964956607,336.5735944019509,10,4096,2,2048,2048,2,1,8191,4096,4096,0,0.008649333522178861,0.01139474777502951
agg_aic_prefix_probe_b12_isl4096_prefix2048_ctx8192,observed_first_batch,prefix_probe,mix_step,context_add_norm_2,context_other,1.0698344597014926,93.88838444023584,2.0,2.139668919402985,93.88838444023584,4.257347164518229,183.0823496584599,10.23274964956607,336.5735944019509,10,4096,2,2048,2048,2,1,8191,4096,4096,0,0.008649333522178861,0.01139474777502951
agg_aic_prefix_probe_b12_isl4096_prefix2048_ctx8192,observed_first_batch,prefix_probe,mix_step,context_attention (scaled),attention_scaled,0.0,93.88838444023584,2.0,0.0,93.88838444023584,4.257347164518229,183.0823496584599,10.23274964956607,336.5735944019509,10,4096,2,2048,2048,2,1,8191,4096,4096,0,0.0,0.0
agg_aic_prefix_probe_b12_isl4096_prefix2048_ctx8192,observed_first_batch,prefix_probe,mix_step,context_embedding,context_other,0.046826435820895525,93.88838444023584,2.0,0.09365287164179105,93.88838444023584,4.257347164518229,183.0823496584599,10.23274964956607,336.5735944019509,10,4096,2,2048,2048,2,1,8191,4096,4096,0,0.0003785795619098281,0.0004987457830920784
agg_aic_prefix_probe_b12_isl4096_prefix2048_ctx8192,observed_first_batch,prefix_probe,mix_step,context_logits_gemm,context_other,0.6363647375022955,93.88838444023584,2.0,1.272729475004591,93.88838444023584,4.257347164518229,183.0823496584599,10.23274964956607,336.5735944019509,10,4096,2,2048,2048,2,1,8191,4096,4096,0,0.005144843490970491,0.006777885691572104
agg_aic_prefix_probe_b12_isl4096_prefix2048_ctx8192,observed_first_batch,prefix_probe,mix_step,context_mla_block,context_mla_block,39.20868953677592,93.88838444023584,2.0,78.41737907355184,93.88838444023584,4.257347164518229,183.0823496584599,10.23274964956607,336.5735944019509,10,4096,2,2048,2048,2,1,8191,4096,4096,0,0.3169920633008625,0.41760958792228453
agg_aic_prefix_probe_b12_isl4096_prefix2048_ctx8192,observed_first_batch,prefix_probe,mix_step,context_moe,context_moe,47.686654864847654,93.88838444023584,2.0,95.37330972969531,93.88838444023584,4.257347164518229,183.0823496584599,10.23274964956607,336.5735944019509,10,4096,2,2048,2048,2,1,8191,4096,4096,0,0.3855342092814858,0.5079079286448085
agg_aic_prefix_probe_b12_isl4096_prefix2048_ctx8192,observed_first_batch,prefix_probe,mix_step,context_moe_post_dispatch,context_other,0.0,93.88838444023584,2.0,0.0,93.88838444023584,4.257347164518229,183.0823496584599,10.23274964956607,336.5735944019509,10,4096,2,2048,2048,2,1,8191,4096,4096,0,0.0,0.0
agg_aic_prefix_probe_b12_isl4096_prefix2048_ctx8192,observed_first_batch,prefix_probe,mix_step,context_moe_pre_dispatch,context_other,0.0,93.88838444023584,2.0,0.0,93.88838444023584,4.257347164518229,183.0823496584599,10.23274964956607,336.5735944019509,10,4096,2,2048,2048,2,1,8191,4096,4096,0,0.0,0.0
agg_aic_prefix_probe_b12_isl4096_prefix2048_ctx8192,observed_first_batch,prefix_probe,mix_step,context_p2p,context_other,0.0,93.88838444023584,2.0,0.0,93.88838444023584,4.257347164518229,183.0823496584599,10.23274964956607,336.5735944019509,10,4096,2,2048,2048,2,1,8191,4096,4096,0,0.0,0.0
agg_aic_prefix_probe_b12_isl4096_prefix2048_ctx8192,observed_first_batch,prefix_probe,mix_step,context_router_gemm,context_other,0.3437508377683116,93.88838444023584,2.0,0.6875016755366232,93.88838444023584,4.257347164518229,183.0823496584599,10.23274964956607,336.5735944019509,10,4096,2,2048,2048,2,1,8191,4096,4096,0,0.0027791361714186304,0.00366127119789908
agg_aic_prefix_probe_b12_isl4096_prefix2048_ctx8192,observed_first_batch,prefix_probe,mix_step,context_shared_act_gate,context_shared_ffn,0.24339309850746266,93.88838444023584,2.0,0.4867861970149253,93.88838444023584,4.257347164518229,183.0823496584599,10.23274964956607,336.5735944019509,10,4096,2,2048,2048,2,1,8191,4096,4096,0,0.001967769935710402,0.0025923664568154674
agg_aic_prefix_probe_b12_isl4096_prefix2048_ctx8192,observed_first_batch,prefix_probe,mix_step,context_shared_ffn2_gemm,context_shared_ffn,1.233331052547631,93.88838444023584,2.0,2.466662105095262,93.88838444023584,4.257347164518229,183.0823496584599,10.23274964956607,336.5735944019509,10,4096,2,2048,2048,2,1,8191,4096,4096,0,0.009971160977298143,0.01313614096036237
agg_aic_prefix_probe_b12_isl4096_prefix2048_ctx8192,observed_first_batch,prefix_probe,mix_step,context_shared_gate_up_gemm,context_shared_ffn,2.3497049570626887,93.88838444023584,2.0,4.699409914125377,93.88838444023584,4.257347164518229,183.0823496584599,10.23274964956607,336.5735944019509,10,4096,2,2048,2048,2,1,8191,4096,4096,0,0.01899675381369079,0.02502657779310689
agg_aic_prefix_probe_b12_isl4096_prefix2048_ctx8192,observed_first_batch,prefix_probe,mix_step,generation_attention,attention_scaled,0.0,93.88838444023584,2.0,0.0,93.88838444023584,4.257347164518229,183.0823496584599,10.23274964956607,336.5735944019509,10,4096,2,2048,2048,2,1,8191,4096,4096,0,0.0,0.0
agg_aic_prefix_probe_b12_isl4096_prefix2048_ctx8192,observed_first_batch,prefix_probe,genonly_step,generation_add_norm_1,generation_other,0.018385146268656716,4.257347164518229,14.0,0.257392047761194,93.88838444023584,4.257347164518229,183.0823496584599,10.23274964956607,336.5735944019509,10,4096,2,2048,2048,2,1,8191,4096,4096,0,0.0010404739008240285,0.004318451269814926
agg_aic_prefix_probe_b12_isl4096_prefix2048_ctx8192,observed_first_batch,prefix_probe,genonly_step,generation_add_norm_2,generation_other,0.018385146268656716,4.257347164518229,14.0,0.257392047761194,93.88838444023584,4.257347164518229,183.0823496584599,10.23274964956607,336.5735944019509,10,4096,2,2048,2048,2,1,8191,4096,4096,0,0.0010404739008240285,0.004318451269814926
agg_aic_prefix_probe_b12_isl4096_prefix2048_ctx8192,observed_first_batch,prefix_probe,genonly_step,generation_embedding,generation_other,0.0030160477611940297,4.257347164518229,14.0,0.04222466865671642,93.88838444023584,4.257347164518229,183.0823496584599,10.23274964956607,336.5735944019509,10,4096,2,2048,2048,2,1,8191,4096,4096,0,0.00017068773526762986,0.0007084335960032831
agg_aic_prefix_probe_b12_isl4096_prefix2048_ctx8192,observed_first_batch,prefix_probe,genonly_step,generation_logits_gemm,generation_other,0.6408544318899391,4.257347164518229,14.0,8.971962046459147,93.88838444023584,4.257347164518229,183.0823496584599,10.23274964956607,336.5735944019509,10,4096,2,2048,2048,2,1,8191,4096,4096,0,0.036267990521546715,0.15052905180742046
agg_aic_prefix_probe_b12_isl4096_prefix2048_ctx8192,observed_first_batch,prefix_probe,genonly_step,generation_mla_block,generation_mla_block,0.7977047797658541,4.257347164518229,14.0,11.167866916721957,93.88838444023584,4.257347164518229,183.0823496584599,10.23274964956607,336.5735944019509,10,4096,2,2048,2048,2,1,8191,4096,4096,0,0.045144650566307024,0.1873713251327307
agg_aic_prefix_probe_b12_isl4096_prefix2048_ctx8192,observed_first_batch,prefix_probe,genonly_step,generation_moe_overlap,generation_moe,2.779001612563928,4.257347164518229,14.0,38.906022575894994,93.88838444023584,4.257347164518229,183.0823496584599,10.23274964956607,336.5735944019509,10,4096,2,2048,2048,2,1,8191,4096,4096,0,0.15727253979752634,0.6527542869242158
agg_aic_prefix_probe_b12_isl4096_prefix2048_ctx8192,observed_first_batch,prefix_probe,genonly_step,generation_p2p,generation_other,0.0,4.257347164518229,14.0,0.0,93.88838444023584,4.257347164518229,183.0823496584599,10.23274964956607,336.5735944019509,10,4096,2,2048,2048,2,1,8191,4096,4096,0,0.0,0.0
